2.56,0.4
2.11,0.4
3.48,0.6
2.55,0.4
2.35,0.2
2.08,0.4
11.75,0.8
1.14,0.2
3.96,0.8
3.38,0.4
1.46,0.2
1.5,0.4
4.59,0.8
3.95,0.4
2.21,0.2
2.56,0.4
2.11,0.4
3.48,0.6
2.35,0.2
2.0,0.0
1.89,0.8
1.68,0.4
1.82,0.4
1.5,0.0
1.21,0.6
1.68,0.6
1.94,0.4
2.2,0.4
1.85,0.4
0.85,0.8
1.08,0.2
2.4,0.2
2.56,0.8
3.32,0.4
3.36,0.8
3.08,0.4
3.46,0.4
2.11,0.4
1.79,0.4
1.91,0.2
1.93,0.4
2.77,0.4
2.8,0.4
4.0,0.4
1.79,0.6
3.04,1.0
0.82,0.2
3.48,0.6
1.97,0.0
2.23,0.4
1.68,0.4
1.8,0.4
3.48,0.6
1.95,0.4
3.77,0.6
2.72,0.4
2.04,0.2
1.16,0.2
3.48,0.6
2.35,0.2
4.14,0.6
4.18,0.6
2.14,0.4
2.51,0.6
12.56,1.0
3.29,0.4
2.93,0.4
3.48,0.6
2.35,0.2
2.31,0.2
1.6,0.4
3.52,0.6
3.0,0.6
1.16,0.0
1.96,0.4
0.82,0.2
1.14,0.0
3.0,0.6
2.4,0.6
5.26,0.8
1.94,0.0
1.82,0.6
3.48,0.6
2.86,0.4
4.37,0.8
2.62,0.6
2.68,0.4
3.33,0.4
2.11,0.4
3.12,0.6
1.79,0.4
3.48,0.6
3.48,0.6
3.35,1.0
2.35,0.2
3.44,0.8
4.05,0.6
2.82,0.6
4.02,0.8
1.16,0.2
1.94,0.2
2.75,0.8
2.42,0.2
1.05,0.4
2.65,0.8
3.48,0.6
2.53,0.4
2.21,0.2
3.65,1.0
2.38,0.6
2.43,0.0
1.65,0.0
4.26,0.6
3.65,1.0
2.0,0.6
3.48,0.6
2.32,0.8
2.76,0.6
1.23,0.4
2.0,0.2
1.0,0.2
2.87,0.4
2.46,0.4
3.4,0.2
2.68,0.6
3.04,1.0
2.94,0.4
3.77,0.6
2.02,0.4
2.41,0.4
3.48,0.6
1.65,0.2
3.48,0.6
3.88,0.8
1.75,0.4
1.43,0.0
4.69,0.6
3.48,0.6
1.74,0.0
2.35,0.2
3.78,0.8
2.42,0.6
4.27,1.0
3.17,0.4
2.14,0.8
0.94,0.4
2.28,0.4
1.03,0.2
2.96,0.6
1.21,0.2
2.42,0.6
1.74,0.0
3.48,0.6
2.35,0.2
4.0,0.6
2.44,0.6
1.63,0.2
2.0,0.2
1.05,0.4
2.34,0.4
2.42,0.6
1.74,0.0
3.48,0.6
2.35,0.2
4.0,0.6
3.33,0.2
3.83,0.6
3.48,0.6
1.77,0.2
1.81,0.6
3.87,0.6
6.75,0.8
3.47,0.2
2.23,0.4
2.09,0.2
2.29,0.2
1.74,0.0
3.48,0.6
2.35,0.2
2.29,0.2
2.89,0.2
2.39,0.2
3.48,0.6
2.35,0.2
2.29,0.2
3.48,0.6
4.69,0.6
1.37,0.2
2.29,0.2
4.0,0.6
3.62,1.0
3.83,1.0
2.95,0.8
2.97,0.6
5.02,0.6
3.48,0.6
2.12,0.4
2.29,0.2
2.81,0.6
4.0,0.6
2.22,0.4
2.63,1.0
3.0,0.6
1.85,0.2
1.67,0.6
2.18,0.6
3.13,0.6
3.36,0.6
2.71,0.6
2.58,0.6
5.6,0.8
1.52,0.2
2.07,0.2
1.21,0.6
1.68,0.4
1.35,0.0
1.59,0.4
4.36,1.0
2.74,0.4
4.03,0.8
3.0,0.2
1.74,0.2
1.73,0.4
1.3,0.4
2.71,0.6
2.8,0.4
1.74,0.2
2.26,0.4
1.3,0.4
2.65,0.4
1.1,0.2
1.74,0.2
2.35,0.6
3.37,0.8
1.32,0.4
3.61,0.8
2.27,0.2
3.48,0.6
1.62,0.2
2.35,0.2
1.91,0.6
2.4,0.2
2.14,0.8
4.25,1.0
2.2,0.2
3.53,0.4
4.33,0.6
3.08,0.8
3.47,1.0
2.96,0.2
