2.0,0.8
1.81,0.6
2.65,0.4
2.42,0.2
1.62,0.2
2.09,0.8
4.49,1.0
1.02,0.2
3.51,0.8
2.61,0.8
1.68,0.6
2.42,0.4
2.35,0.8
1.74,0.4
1.69,0.6
1.63,0.4
2.56,0.6
2.02,0.6
1.94,0.6
2.0,0.4
2.81,0.8
1.78,0.4
2.18,0.8
2.62,0.4
4.67,0.5
1.44,0.4
2.78,0.6
3.08,0.6
2.13,0.2
2.06,0.4
1.82,0.4
2.78,0.6
3.08,0.6
2.47,0.6
2.5,0.6
2.92,0.4
2.78,0.6
3.08,0.6
1.79,0.4
2.25,0.2
2.7,0.6
2.66,0.6
1.12,0.0
1.35,0.2
7.91,0.4
1.21,0.2
1.81,0.2
1.5,0.4
2.21,0.4
2.79,1.0
1.38,0.8
3.69,0.4
1.87,0.6
1.06,0.2
2.3,0.6
1.33,0.4
2.58,0.8
2.59,0.4
2.15,0.2
2.05,0.4
1.72,0.2
2.03,0.6
2.11,0.2
2.23,0.6
2.26,0.6
1.46,0.2
2.69,0.6
1.64,0.2
2.13,0.2
1.76,0.8
3.52,0.8
2.87,0.4
4.64,0.6
4.71,0.6
7.33,1.0
2.42,0.2
1.87,0.4
1.62,0.2
2.35,0.4
2.37,0.4
2.3,0.6
2.89,0.4
2.01,0.4
2.2,0.6
2.24,0.2
2.2,0.6
2.78,0.6
2.77,0.6
2.79,0.8
3.76,0.8
2.88,0.6
1.84,0.6
3.07,0.8
1.68,0.8
2.61,0.8
2.2,0.6
2.7,0.4
1.68,0.6
2.75,0.4
43.0,0.5
1.51,0.0
2.76,0.4
2.66,0.6
1.18,0.25
1.9,0.6
1.09,0.25
1.69,0.4
3.9,0.8
1.85,0.4
1.66,0.4
1.79,0.4
5.0,0.6
1.77,0.6
3.71,0.8
4.0,0.6
1.7,0.6
6.31,1.0
4.9,1.0
3.71,0.8
2.5,0.8
2.7,0.6
2.39,0.6
2.96,0.8
2.26,0.6
1.55,0.5
3.71,0.8
2.16,0.8
2.65,0.6
2.53,0.4
4.19,0.2
2.58,0.8
4.5,1.0
1.59,0.2
2.12,0.4
2.89,0.6
1.44,0.4
4.5,0.6
2.8,0.6
1.8,0.4
2.95,0.4
1.55,0.6
2.69,0.4
1.95,0.2
2.16,0.0
2.27,0.4
1.68,1.0
1.74,0.6
3.71,0.8
2.65,0.6
1.42,0.6
1.25,0.2
5.08,0.8
2.96,0.8
2.65,0.6
3.71,0.8
6.69,0.6
1.24,0.6
3.43,0.5
3.94,0.6
2.32,0.4
2.15,0.6
3.83,0.6
3.71,0.8
3.08,0.6
4.05,0.4
0.89,0.0
2.57,0.4
2.63,0.6
5.27,0.6
3.73,0.8
1.05,0.2
5.12,0.8
1.32,0.4
1.35,0.0
1.39,0.6
1.76,0.6
3.17,0.2
2.66,0.6
2.72,0.2
2.23,0.4
1.05,0.2
2.33,0.6
5.12,0.8
3.08,1.0
1.95,0.4
3.5,0.6
1.6,0.2
5.12,0.8
3.03,1.0
1.92,0.4
0.67,0.0
3.21,0.8
2.13,0.4
2.4,0.6
2.22,0.4
1.41,0.2
1.4,0.2
3.95,0.6
1.57,0.6
3.15,0.6
0.98,0.2
2.92,0.4
2.49,0.6
2.23,0.4
3.8,0.4
2.23,0.4
0.98,0.2
2.24,0.2
2.18,0.6
3.44,0.4
2.79,0.4
1.03,0.2
1.0,0.2
2.38,0.2
3.04,0.4
1.78,0.0
3.3,1.0
2.89,0.8
4.13,1.0
3.56,0.8
1.47,0.2
2.36,0.4
3.57,0.4
3.5,0.4
1.98,0.4
1.57,0.4
2.36,0.4
3.59,0.6
1.9,0.4
3.13,0.2
1.6,0.6
2.23,0.4
2.55,0.8
0.98,0.2
2.37,0.8
0.98,0.2
2.23,0.4
2.26,0.8
1.82,0.6
3.27,0.6
2.09,0.2
2.2,0.8
1.0,0.5
3.16,0.6
3.12,0.4
1.96,0.4
2.47,0.6
2.42,0.4
2.34,0.6
2.48,0.4
1.85,0.8
2.23,0.4
0.98,0.2
2.26,0.8
5.09,0.8
2.23,0.4
2.8,0.4
0.98,0.2
1.61,0.2
2.45,0.6
2.23,0.4
2.29,0.4
0.98,0.2
2.0,0.2
2.2,0.4
3.83,0.4
2.23,0.4
0.98,0.2
2.41,0.5
1.76,0.4
1.65,0.6
1.79,0.4
2.21,0.4
2.12,0.4
1.58,0.2
1.54,0.0
1.7,0.0
3.13,0.2
2.38,0.4
2.49,0.8
2.88,0.4
1.45,0.6
2.38,0.4
2.03,0.6
2.0,0.6
1.41,0.4
2.18,0.6
3.6,1.0
1.33,0.2
1.55,0.4
2.23,0.4
2.33,0.6
0.98,0.2
1.38,0.2
1.53,0.0
2.23,0.4
1.66,0.2
0.98,0.2
3.14,0.8
3.96,0.6
1.38,0.2
2.09,0.4
1.57,0.2
2.36,0.2
1.56,0.4
1.52,0.2
1.54,0.2
2.0,0.6
2.0,0.2
2.97,0.6
1.5,0.4
2.37,0.6
1.94,0.2
1.86,0.4
2.66,0.6
1.28,0.6
2.68,0.6
2.07,0.6
2.05,0.8
2.14,0.8
2.2,0.4
2.34,0.4
2.23,1.0
3.07,0.8
1.6,0.5
1.37,0.6
2.93,0.4
0.89,0.2
2.23,0.2
2.6,0.4
2.05,0.6
13.0,1.0
1.85,0.6
2.75,0.4
5.7,0.8
2.14,0.2
2.05,0.2
2.5,0.4
3.53,0.0
3.14,0.2
1.1,0.0
3.1,0.4
2.41,0.2
2.71,0.4
2.23,0.4
2.22,0.8
3.95,1.0
2.68,1.0
3.12,0.4
4.35,0.8
1.02,0.2
2.3,0.6
1.31,0.4
2.19,0.6
2.04,0.2
1.22,0.2
2.92,0.6
4.56,1.0
3.67,0.6
3.84,0.6
1.52,0.6
2.34,0.2
1.56,0.2
1.07,0.0
2.33,1.0
2.03,0.6
3.1,0.0
2.78,0.8
3.04,1.0
2.74,0.6
5.08,0.8
2.06,0.6
2.38,0.4
2.09,0.8
3.65,0.6
1.59,0.6
2.36,0.2
4.14,0.6
3.32,0.6
3.48,0.6
1.61,0.2
3.64,0.8
3.44,0.8
2.2,1.0
2.46,0.6
2.71,0.6
2.47,0.8
2.52,0.4
2.21,0.2
2.56,0.4
1.4,1.0
2.02,0.6
2.14,0.6
1.74,0.0
1.52,0.4
2.03,0.4
0.82,0.2
3.67,0.4
1.51,0.4
1.58,0.4
1.38,0.2
2.09,0.4
1.78,0.4
2.48,0.6
2.77,0.8
2.0,0.4
1.57,0.2
1.76,0.2
2.31,0.4
2.04,0.2
1.48,0.4
1.86,0.4
1.78,0.4
1.54,0.4
3.23,0.8
1.22,0.2
2.09,0.4
1.78,0.4
2.48,0.6
2.77,0.8
1.74,0.6
1.71,0.4
2.75,0.6
3.65,0.6
7.67,0.6
1.72,0.4
3.45,0.8
1.57,0.4
1.74,0.8
3.12,0.5
1.73,0.8
1.7,0.6
2.44,0.2
2.48,0.6
2.81,0.4
3.46,0.6
0.0,0.0
2.88,0.6
2.13,0.2
4.11,0.8
1.47,0.4
2.48,0.6
2.88,0.6
2.13,0.2
1.91,0.4
1.68,0.6
2.48,0.6
1.55,0.4
2.59,0.4
2.13,0.4
2.72,0.8
3.38,0.6
1.54,0.2
2.48,0.6
2.51,0.6
4.06,0.8
2.48,0.6
2.0,0.8
2.64,0.6
2.33,0.6
2.0,1.0
2.02,0.6
4.0,1.0
2.48,0.6
1.88,0.6
1.07,0.0
3.72,0.2
2.9,1.0
3.07,0.8
3.26,0.4
2.5,0.4
1.8,0.4
2.53,0.4
0.91,0.0
1.44,0.0
1.32,0.0
3.27,0.6
2.67,0.6
2.48,0.6
1.94,0.4
1.97,0.6
5.97,0.8
4.35,1.0
2.97,0.6
1.64,0.4
1.81,0.4
2.69,0.4
2.52,0.6
3.7,1.0
2.0,0.6
2.5,0.8
4.5,0.6
6.92,0.6
6.2,0.4
3.64,0.8
1.14,0.0
5.75,0.8
6.92,0.6
1.75,0.6
4.59,0.4
2.83,0.6
3.81,0.6
1.77,0.4
3.44,0.4
2.38,1.0
1.87,0.6
4.39,0.6
2.09,0.6
1.75,0.0
1.88,0.2
2.1,0.6
3.66,0.8
1.31,0.4
2.48,0.6
5.38,0.0
2.24,0.8
3.87,0.8
2.39,0.4
0.69,0.0
1.51,0.6
1.9,0.2
1.0,0.0
2.22,0.6
2.48,0.6
3.64,0.8
3.04,0.6
1.78,0.6
2.7,0.4
1.57,0.4
1.15,0.2
1.94,0.4
1.57,0.4
2.9,0.6
2.18,0.2
3.16,0.6
2.31,0.6
2.3,0.8
1.56,0.2
2.48,0.6
3.33,0.8
1.84,0.4
2.48,0.6
1.32,0.4
2.39,0.4
2.74,0.4
1.5,0.2
2.39,0.0
1.48,0.0
2.85,0.6
1.16,0.2
2.06,0.4
2.85,0.8
5.45,1.0
2.48,0.6
3.55,0.6
4.44,0.8
1.6,0.4
1.21,0.0
2.48,0.6
6.19,1.0
1.81,0.2
2.48,0.6
2.62,0.6
1.48,0.2
4.44,0.8
1.59,0.4
3.23,0.6
3.18,0.8
3.24,0.8
3.58,0.4
1.19,0.2
1.33,0.2
1.76,0.2
1.58,0.0
3.23,0.6
1.82,0.4
2.48,0.6
2.25,0.8
2.64,0.4
2.0,0.4
1.07,0.2
2.43,0.4
1.22,0.0
1.58,0.0
1.57,0.4
2.4,0.5
2.29,0.6
3.22,0.8
1.97,0.4
2.33,0.4
1.85,0.6
4.67,0.8
2.73,0.4
2.8,0.8
1.57,0.4
1.5,0.6
2.6,0.6
2.78,0.4
1.69,0.4
2.75,0.8
1.35,0.6
2.42,0.6
2.44,0.4
1.29,0.0
1.76,0.0
1.18,0.4
1.57,0.4
1.91,0.6
1.88,0.2
2.39,0.8
2.83,0.6
1.22,0.0
4.47,0.4
2.81,0.8
1.27,0.4
1.58,0.2
1.27,0.4
1.97,0.4
3.0,0.8
2.37,0.4
1.0,0.2
1.57,0.4
2.14,0.0
1.82,0.4
3.85,0.6
1.59,0.6
1.57,0.4
1.57,0.4
1.72,0.0
2.47,0.2
4.89,0.8
1.57,0.4
3.17,0.8
3.21,0.8
4.71,0.6
2.11,0.6
1.57,0.4
2.82,1.0
1.08,0.4
2.48,0.6
1.34,0.6
1.57,0.4
2.86,0.8
1.74,0.6
3.53,0.4
2.15,0.2
1.93,0.8
2.96,0.8
2.39,0.6
4.26,0.8
1.62,0.2
2.25,0.6
4.43,0.6
1.17,0.4
2.25,0.4
2.77,0.6
1.61,0.2
1.33,0.2
2.95,0.8
3.17,0.6
2.41,0.6
2.18,0.4
2.24,0.8
2.5,0.5
2.0,0.8
1.57,0.4
2.44,0.2
2.43,0.8
2.12,0.2
2.19,0.4
1.56,0.0
1.57,0.4
2.1,0.6
1.29,0.2
4.57,0.6
3.04,0.6
2.21,0.6
2.53,0.6
2.87,0.2
1.65,0.6
2.04,0.6
2.13,0.4
3.44,0.6
2.09,0.4
2.36,0.6
2.31,0.6
1.57,0.4
1.0,0.0
2.29,0.6
3.15,0.0
1.19,0.4
2.0,0.4
7.15,0.8
2.03,0.4
3.59,0.8
1.42,0.4
1.22,0.0
1.31,0.4
1.57,0.4
2.21,0.4
4.67,1.0
1.79,0.2
1.92,0.8
1.57,0.4
3.82,0.6
3.57,0.4
2.06,0.8
2.54,0.6
3.73,0.6
2.66,0.6
1.57,0.4
3.71,0.6
3.75,0.2
1.63,0.4
2.21,0.4
1.57,0.4
2.18,0.6
1.33,0.4
1.65,0.6
2.49,0.8
4.28,0.4
6.29,0.6
2.25,0.5
1.57,0.4
5.12,0.4
2.4,0.8
1.57,0.4
2.82,0.6
2.13,0.4
2.16,0.4
2.06,0.8
1.5,0.2
2.19,0.2
2.3,0.4
2.96,0.6
1.69,0.4
1.57,0.4
1.92,0.2
1.83,0.6
2.33,0.6
2.45,0.6
1.57,0.4
2.34,0.6
1.5,0.2
2.2,0.6
3.67,0.8
0.79,0.2
1.37,0.2
2.38,0.5
4.79,0.8
2.16,0.6
1.57,0.4
2.04,0.8
1.59,0.4
2.42,0.4
2.07,0.4
2.48,0.4
2.69,0.6
1.86,0.0
1.22,0.0
1.13,0.2
3.0,0.6
1.71,0.4
2.27,0.2
2.65,0.8
1.83,0.6
3.0,0.8
2.59,0.4
9.07,1.0
2.23,0.6
3.18,0.8
2.07,0.4
1.76,0.0
2.07,0.2
3.32,0.6
2.83,0.0
3.0,0.6
5.41,1.0
1.65,0.4
3.24,0.6
3.27,0.6
2.27,0.4
4.48,1.0
3.0,0.6
3.75,0.4
2.11,0.4
3.0,0.6
1.69,0.6
1.35,0.4
1.84,0.4
2.1,0.2
2.26,0.2
2.41,0.6
0.82,0.0
2.5,0.4
2.32,0.8
2.29,1.0
2.8,0.6
3.7,1.0
2.2,0.2
1.53,0.4
3.0,0.6
1.93,0.2
3.8,0.8
2.0,0.4
1.31,0.6
3.89,0.8
2.0,0.4
3.73,0.8
11.38,0.8
2.32,0.6
1.47,0.2
1.62,0.6
1.71,0.4
2.39,0.8
1.88,0.4
2.64,0.2
0.66,0.2
2.23,0.6
3.53,0.6
1.96,0.4
3.17,0.4
3.04,0.8
2.12,0.6
3.82,0.4
4.5,0.8
2.31,0.6
3.18,0.4
3.0,0.6
1.84,0.4
4.5,0.8
2.31,0.6
3.18,0.4
3.0,0.6
1.84,0.4
1.64,0.6
1.34,0.2
2.09,0.4
3.32,0.6
1.69,0.2
4.5,0.8
3.0,0.6
2.31,0.6
2.38,0.4
1.84,0.4
2.62,0.4
3.71,0.6
3.09,0.4
1.72,0.6
2.79,0.4
2.31,0.6
1.84,0.4
3.0,0.6
4.5,0.8
2.0,0.6
2.31,0.6
1.84,0.4
3.0,0.6
4.5,0.8
2.0,0.6
2.61,0.6
0.79,0.2
2.02,0.8
3.05,0.6
3.0,0.6
2.83,0.0
2.77,0.4
1.78,0.0
2.48,0.4
0.98,0.0
2.77,0.4
2.83,0.0
1.78,0.0
2.48,0.4
0.98,0.0
1.64,0.4
2.83,0.0
2.77,0.4
2.67,0.4
2.09,0.6
1.69,0.4
3.09,0.6
2.83,0.0
3.92,0.4
4.19,0.4
1.64,0.2
2.48,0.4
1.87,0.6
2.09,0.4
3.93,0.4
2.83,0.0
2.35,0.8
1.78,0.0
2.03,0.8
2.53,0.4
1.43,0.6
3.04,0.6
3.32,0.8
1.77,0.4
3.29,0.6
2.83,0.0
3.0,0.6
5.41,1.0
1.65,0.4
3.24,0.6
3.77,0.4
2.14,0.0
3.86,0.6
3.21,0.2
4.59,1.0
3.47,0.4
3.02,0.2
2.83,0.0
3.77,0.4
4.82,0.8
1.69,0.0
1.34,0.4
2.08,0.2
1.91,0.6
3.33,0.4
2.83,0.0
3.15,0.6
2.77,0.4
2.97,1.0
3.45,0.6
2.83,0.0
1.53,0.0
2.77,0.4
2.27,0.4
4.25,0.8
2.83,0.0
2.17,0.6
2.42,0.2
2.77,0.4
3.57,0.2
1.52,0.2
3.41,0.2
3.22,0.8
1.56,0.4
2.52,0.2
1.3,0.2
2.71,0.6
2.5,0.8
2.88,0.4
2.89,0.2
3.44,0.6
1.55,0.4
2.83,0.0
2.48,0.4
5.25,0.6
3.44,0.6
1.4,0.4
2.83,0.0
2.48,0.4
4.5,0.8
1.17,0.4
1.89,0.4
2.22,0.6
2.79,0.4
1.81,0.6
2.83,0.0
2.2,0.2
1.78,0.0
0.98,0.0
2.68,0.6
2.83,0.0
1.78,0.0
2.3,0.4
2.2,0.2
2.33,0.6
2.1,0.6
3.0,0.8
2.17,0.6
5.26,1.0
1.94,0.4
1.27,0.4
2.81,0.6
2.24,0.8
3.24,0.6
3.33,0.6
2.85,0.8
4.67,0.6
3.07,1.0
3.54,1.0
2.67,0.0
2.77,0.4
2.83,0.0
3.45,0.8
2.65,0.6
4.31,0.2
3.76,0.2
2.83,0.0
2.77,0.4
1.35,0.2
2.52,0.6
2.77,0.4
2.83,0.0
1.35,0.2
3.74,0.6
3.21,0.6
2.83,0.0
3.29,0.8
1.6,0.4
2.61,0.8
2.88,0.4
2.48,0.2
2.24,0.6
2.83,0.0
2.38,0.6
2.52,0.6
3.91,1.0
2.31,0.4
2.5,0.4
1.65,0.4
1.7,0.0
2.77,0.4
4.26,0.8
2.83,0.0
1.57,0.4
3.94,0.4
2.77,0.4
2.87,0.4
2.83,0.0
1.57,0.4
3.94,0.4
2.77,0.4
2.83,0.0
2.27,0.2
2.17,0.2
3.48,0.6
2.52,0.4
2.83,0.0
2.27,0.2
2.27,0.4
2.77,0.4
1.56,0.2
2.24,0.2
1.45,0.2
1.26,0.2
1.73,0.2
2.77,0.4
4.56,1.0
2.83,0.0
1.57,0.4
1.71,0.4
2.77,0.4
2.83,0.0
4.12,0.4
1.8,0.4
2.6,0.4
3.67,1.0
2.75,0.6
2.47,0.8
2.71,0.6
2.44,0.2
2.77,0.4
1.61,0.4
2.83,0.0
2.27,0.4
3.06,0.6
1.21,0.4
3.47,0.6
2.83,0.0
1.96,0.4
2.77,0.4
1.93,0.2
2.09,0.8
1.12,0.4
2.83,0.0
2.77,0.4
2.77,0.4
3.0,0.8
3.88,0.8
2.83,0.0
3.78,0.6
3.78,0.6
2.03,0.6
3.03,0.8
4.63,0.8
3.27,1.0
2.06,0.2
3.25,0.6
2.83,0.0
3.38,0.8
2.26,0.6
2.86,0.6
1.91,0.4
2.24,0.4
3.73,0.6
1.46,0.2
1.86,0.4
2.15,0.2
3.02,0.0
2.39,0.6
2.83,0.4
2.77,0.4
2.06,0.2
2.83,0.0
2.27,0.4
2.03,0.4
3.24,0.6
4.31,0.6
2.03,0.2
2.93,0.8
1.44,0.0
3.67,1.0
3.5,0.6
1.61,0.2
2.09,0.0
2.11,0.8
0.96,0.6
3.09,0.6
2.37,0.6
2.0,0.8
4.27,0.6
1.57,0.2
3.09,0.6
2.37,0.6
2.42,0.4
4.04,0.6
4.86,1.0
2.37,0.6
2.21,0.4
3.09,0.6
5.17,0.8
2.55,0.4
3.12,0.6
2.97,0.6
1.59,0.4
4.14,0.8
1.77,0.4
3.09,0.6
2.37,0.6
2.65,0.6
5.71,0.6
3.24,0.6
1.9,0.6
1.46,0.4
1.74,0.4
4.68,0.8
3.18,0.6
2.61,0.6
2.23,0.6
2.94,0.8
2.75,0.4
2.14,0.8
3.09,0.6
1.76,0.4
2.52,0.4
3.03,0.6
4.47,0.4
3.09,0.6
1.81,0.4
1.92,0.4
5.21,0.2
2.86,0.4
1.62,0.4
3.69,0.8
3.35,0.6
4.25,0.6
1.69,0.4
3.09,0.6
2.83,0.0
3.92,0.4
4.19,0.4
2.14,0.0
3.09,0.6
2.21,0.4
2.64,0.8
1.83,0.8
1.35,0.4
3.09,0.6
4.47,0.8
1.92,0.6
0.77,0.0
2.15,0.2
3.09,0.6
2.64,0.2
2.38,0.4
1.88,0.4
2.85,0.4
1.91,0.4
1.62,0.4
2.03,0.8
2.03,0.6
4.07,0.6
4.21,0.8
2.72,0.4
2.5,1.0
1.85,0.4
3.08,0.6
4.52,0.8
3.2,0.6
3.52,0.4
1.41,0.0
2.89,0.6
3.17,0.6
2.76,0.6
2.97,0.6
2.85,0.4
2.88,0.8
3.29,0.8
1.94,0.6
2.17,0.4
3.16,0.2
2.04,0.6
3.09,0.6
2.37,0.6
2.16,0.8
2.18,0.6
2.33,0.4
3.09,0.6
2.37,0.6
3.19,0.8
5.44,0.8
2.12,0.2
1.09,0.2
3.71,0.4
2.0,0.6
2.49,0.2
1.71,0.4
5.64,0.8
2.3,0.2
2.69,0.8
3.55,0.8
1.74,0.4
3.21,0.6
2.71,0.6
2.65,0.2
2.69,0.8
1.46,0.4
2.43,0.2
1.91,0.6
1.64,0.4
1.73,0.4
1.79,0.8
0.81,0.4
2.08,0.6
1.65,0.4
2.32,0.4
9.33,1.0
1.69,0.4
1.83,0.8
2.56,0.2
2.14,0.8
1.56,0.4
2.45,0.4
1.35,0.6
2.81,0.8
2.87,0.6
2.59,0.4
1.93,0.4
1.52,0.0
2.45,0.6
2.22,0.2
0.86,0.2
3.29,0.4
1.21,0.4
2.6,1.0
1.52,0.4
0.91,0.6
1.91,0.0
1.97,0.2
2.9,0.6
2.43,0.2
1.97,0.0
3.09,0.6
2.37,0.6
2.29,0.4
4.23,0.8
1.89,0.6
2.79,0.8
3.92,0.4
2.21,0.8
6.85,0.8
1.73,0.6
3.09,0.6
2.37,0.6
4.56,1.0
2.05,0.4
2.05,0.6
3.25,0.6
2.45,0.8
5.09,1.0
4.69,0.8
1.9,0.4
2.39,0.4
2.55,0.6
2.53,0.4
1.42,0.8
4.1,0.6
2.0,0.2
2.71,0.8
2.76,0.8
4.6,0.6
2.38,0.2
3.23,0.4
3.0,0.2
1.77,0.0
5.78,0.8
1.28,0.2
3.95,0.6
3.86,0.8
4.3,0.2
4.02,0.8
2.45,0.8
3.48,0.6
3.28,0.8
1.97,0.8
2.46,0.4
2.11,0.6
3.09,0.6
2.37,0.6
3.84,0.8
3.72,0.4
0.97,0.4
3.09,0.6
2.37,0.6
2.22,0.2
2.38,0.4
1.84,0.2
3.09,0.6
2.37,0.6
1.72,0.4
4.35,0.6
1.0,0.0
4.62,0.6
2.85,1.0
2.67,0.8
2.74,0.6
3.4,1.0
3.09,0.6
2.37,0.6
1.71,0.2
2.72,0.4
6.31,0.8
3.38,0.8
2.71,0.6
2.71,0.6
4.73,0.8
1.42,0.6
4.27,0.6
2.22,0.2
2.3,0.8
5.03,0.6
3.67,0.8
3.09,0.6
2.37,0.6
4.56,1.0
2.71,0.6
2.28,0.4
2.17,0.4
3.14,0.6
3.84,1.0
4.8,0.8
2.09,0.4
2.87,0.4
2.78,0.4
2.1,0.6
1.7,0.2
2.17,0.2
3.82,0.6
3.28,0.8
1.69,0.4
2.8,0.8
4.0,0.6
3.34,0.8
1.86,0.2
2.78,0.2
2.8,0.8
2.75,0.8
3.42,0.4
1.9,0.6
1.73,0.2
1.11,0.0
1.0,0.2
2.78,0.2
1.71,0.4
1.59,0.4
3.07,0.6
2.76,0.4
3.32,0.4
1.97,0.8
2.22,0.4
4.91,0.4
1.47,0.4
2.84,0.6
1.38,0.4
2.78,0.2
2.14,0.6
1.24,0.2
3.12,0.6
2.37,0.6
2.78,0.2
1.88,0.2
1.77,0.6
1.68,0.4
2.26,0.6
2.78,0.2
1.43,0.4
1.83,1.0
0.82,0.2
3.0,0.6
1.3,0.4
1.68,0.4
1.78,0.4
0.51,0.2
4.34,0.8
5.25,0.6
3.56,0.6
1.39,0.4
1.84,0.4
2.0,0.4
2.52,0.2
1.46,0.4
3.03,0.8
1.56,0.4
6.31,1.0
2.78,0.2
3.32,0.4
2.34,0.6
1.61,0.2
3.91,0.6
2.78,0.2
4.17,0.6
1.74,0.4
2.08,0.0
1.64,0.4
4.07,0.6
3.31,0.6
3.2,0.6
6.87,1.0
2.22,0.2
3.69,0.8
2.64,0.4
2.04,0.8
2.05,0.4
1.73,0.2
2.78,0.2
1.97,0.8
0.86,0.4
1.61,0.4
3.3,0.8
1.57,0.4
2.88,0.4
1.86,0.6
4.68,0.6
1.44,0.2
1.97,0.2
2.34,0.6
1.33,0.8
2.72,0.2
3.03,0.8
2.59,0.6
2.18,0.2
1.92,0.4
1.61,0.4
2.05,0.4
2.59,0.6
3.5,0.4
2.16,1.0
2.62,1.0
1.89,0.2
1.56,0.2
3.5,0.4
2.6,0.6
2.68,0.4
4.75,0.8
2.78,0.2
1.88,0.6
1.57,0.4
1.69,0.4
1.29,0.4
2.78,0.2
1.83,0.2
1.71,0.2
2.78,0.2
2.57,0.8
2.97,0.2
1.8,0.2
2.48,0.6
3.3,0.4
2.45,0.6
2.78,0.2
3.46,0.8
3.26,0.4
1.35,0.2
2.78,0.2
2.44,0.8
3.31,0.2
1.81,0.2
2.28,0.6
5.54,0.6
2.73,0.6
3.3,0.2
3.38,0.8
5.0,0.8
2.78,0.2
1.66,0.4
3.92,0.8
2.52,0.6
2.09,0.6
2.78,0.2
1.8,0.2
1.55,0.2
3.12,0.4
4.76,0.6
2.78,0.2
2.43,0.2
3.0,0.6
2.59,1.0
5.12,0.8
1.86,0.4
2.92,0.6
4.17,0.6
3.0,0.8
3.12,0.8
2.78,0.2
1.21,0.4
1.37,0.2
1.53,0.6
1.85,0.4
1.66,0.4
2.61,0.6
1.87,0.4
1.58,0.2
2.73,0.2
3.68,0.6
3.44,0.6
2.62,0.4
1.62,0.4
3.85,0.8
1.39,0.8
1.83,0.4
2.9,0.8
2.24,0.6
2.5,0.6
2.78,0.2
2.55,0.6
1.47,0.4
2.17,0.6
2.86,0.8
2.09,0.4
6.24,1.0
4.0,0.8
2.19,0.8
3.68,0.4
2.55,0.6
2.78,0.2
3.02,0.4
3.16,0.8
3.15,0.6
2.0,0.6
3.0,0.2
1.93,0.4
1.63,0.6
4.91,0.6
2.78,0.2
4.0,0.8
2.11,0.4
2.26,0.8
2.9,0.6
2.78,0.2
1.91,0.4
1.51,0.2
1.89,0.2
2.44,0.4
1.53,0.2
2.78,0.2
3.85,0.4
2.34,0.4
5.2,0.8
2.78,0.2
2.33,0.4
3.39,0.6
3.83,0.8
1.04,0.0
2.88,0.6
3.09,0.8
2.97,0.2
2.03,0.6
3.38,0.8
2.35,0.4
2.65,0.8
4.11,0.6
2.83,0.6
2.08,0.2
4.44,0.4
1.97,0.4
3.97,0.8
3.32,0.8
4.16,0.8
1.94,0.4
2.78,0.2
1.87,0.6
2.49,0.6
5.6,0.8
1.17,0.2
4.06,0.4
7.85,0.8
1.35,0.4
1.49,0.4
1.73,0.6
5.64,0.4
2.03,0.6
3.17,1.0
1.88,0.2
3.95,0.6
7.57,0.8
3.94,0.8
2.09,0.2
1.81,0.4
3.22,0.8
2.92,0.4
1.8,0.2
2.09,0.2
3.09,0.8
1.59,0.4
1.8,0.2
3.76,0.6
2.09,0.2
1.43,0.2
1.93,0.6
1.26,0.4
1.8,0.2
1.66,0.6
1.1,0.2
2.02,0.4
1.44,0.4
3.61,0.6
1.91,0.6
2.66,0.6
3.24,0.8
4.55,0.8
2.62,0.6
2.76,0.6
1.62,0.2
1.27,0.4
1.78,0.4
2.19,0.6
2.9,0.6
1.72,0.4
1.78,0.6
2.18,0.4
3.39,0.8
2.09,0.2
2.89,0.6
4.15,0.6
1.8,0.2
2.13,0.6
1.07,0.4
2.0,0.4
3.0,0.2
1.27,0.4
3.32,0.8
2.09,0.2
3.06,0.8
1.03,0.0
4.81,0.8
1.8,0.2
2.09,0.2
1.94,0.4
4.18,0.8
1.8,0.2
2.76,0.6
1.48,0.4
1.25,0.2
5.6,0.8
2.45,0.8
2.71,1.0
2.5,0.4
1.97,0.4
1.96,0.6
2.0,0.4
1.91,0.4
2.53,0.8
2.27,0.4
2.29,0.4
1.26,0.2
1.86,0.2
2.4,1.0
2.19,0.8
2.43,0.4
1.58,0.8
1.88,0.2
2.09,0.2
2.0,0.4
1.24,0.2
2.03,0.4
1.8,0.2
3.88,0.8
3.05,0.8
4.94,0.6
2.41,0.6
3.05,0.6
2.09,0.2
2.18,0.6
1.81,0.2
5.0,1.0
2.35,0.8
2.09,0.2
3.3,0.4
3.52,0.8
2.43,0.2
5.65,0.8
3.0,0.2
2.1,0.4
1.64,0.6
1.5,0.2
3.28,0.4
2.09,0.2
1.11,0.0
2.14,0.6
4.32,0.8
2.15,0.4
1.0,0.6
1.88,0.6
2.19,0.8
3.1,0.8
3.02,0.6
1.16,0.2
2.81,0.2
2.67,0.6
2.69,0.4
2.86,0.4
4.94,0.6
1.74,0.4
3.97,0.8
1.43,0.0
2.88,0.2
5.74,1.0
1.87,0.2
4.0,0.8
2.3,0.8
4.11,0.4
2.09,0.2
2.0,0.4
2.29,0.6
1.8,0.2
1.85,0.2
8.36,0.6
3.68,0.8
2.0,0.2
1.2,0.0
2.61,0.6
3.33,0.6
2.2,0.4
2.33,0.4
1.41,0.2
2.38,0.8
1.84,0.4
1.94,0.2
4.94,0.6
2.43,0.2
2.28,0.6
1.93,0.4
1.52,0.4
1.35,0.6
2.73,0.6
2.09,0.2
2.09,0.2
3.04,1.0
2.47,0.6
2.36,0.6
1.35,0.2
1.93,0.4
1.6,0.0
0.96,0.2
2.09,0.2
3.73,0.4
2.2,0.4
2.68,0.4
2.96,0.6
1.4,0.2
4.33,0.6
1.3,0.4
2.7,0.6
1.63,0.4
2.13,0.4
2.03,0.2
3.54,0.6
2.09,0.2
1.5,0.2
1.62,0.2
2.4,0.4
2.09,0.2
1.14,0.2
1.65,0.2
1.11,0.2
4.19,1.0
1.27,0.4
4.3,0.8
3.05,0.8
2.3,0.8
3.33,0.6
2.26,0.8
1.71,0.4
2.24,0.8
3.21,0.8
2.37,0.4
1.27,0.4
1.14,0.0
2.61,0.4
2.66,0.6
2.06,0.0
1.87,0.4
2.42,0.4
1.69,0.4
1.82,0.4
2.91,0.6
1.27,0.4
1.48,0.2
2.92,0.6
2.39,0.6
2.65,0.6
1.91,0.4
2.74,0.6
1.92,0.6
2.53,0.2
2.97,0.6
3.33,0.6
1.27,0.4
2.92,0.6
2.7,0.8
1.48,0.2
3.59,0.6
2.16,0.8
1.59,0.2
3.81,0.2
3.61,0.8
2.73,1.0
2.38,0.4
1.86,0.4
2.65,0.2
3.25,0.2
0.76,0.2
4.07,1.0
1.86,0.4
3.0,0.4
1.27,0.2
2.24,0.6
3.0,0.6
2.55,0.4
2.06,0.4
2.52,0.2
4.72,0.4
2.05,0.6
2.7,0.8
3.18,0.6
3.52,0.6
2.04,0.8
3.6,0.4
3.2,0.6
2.23,1.0
1.24,0.4
0.54,0.0
2.0,0.2
2.0,0.4
2.54,0.4
2.83,0.4
1.91,0.6
2.81,0.6
3.25,0.6
2.31,0.8
4.5,0.8
2.75,0.2
2.27,0.2
2.43,0.6
2.33,0.4
3.16,0.4
3.0,0.6
1.62,0.2
1.27,0.4
1.78,0.4
2.19,0.6
1.27,0.4
1.48,0.2
2.38,0.6
2.92,0.6
3.24,0.0
1.61,0.4
1.48,0.2
1.27,0.4
2.92,0.6
1.46,0.6
1.27,0.4
1.48,0.2
2.92,0.6
2.32,0.6
1.06,0.2
2.29,0.4
3.7,0.6
1.77,0.2
2.2,0.4
2.67,0.6
1.27,0.4
3.29,0.6
2.92,0.6
1.73,0.6
5.39,0.8
0.96,0.4
5.39,0.8
1.46,0.2
1.86,0.8
1.57,0.6
1.15,0.6
2.32,1.0
1.52,0.6
4.13,0.6
2.2,0.4
1.93,0.4
1.27,0.4
2.38,0.6
4.9,0.8
3.2,0.4
2.23,0.2
2.69,0.6
1.6,0.4
4.28,0.8
2.96,0.4
2.79,0.8
3.67,0.2
2.36,0.4
1.97,0.4
1.74,0.4
2.29,0.6
1.88,0.2
3.57,0.6
2.05,0.4
5.14,0.4
1.27,0.4
3.33,0.6
0.93,0.0
4.17,0.8
0.9,0.2
1.38,0.6
1.37,0.0
2.31,0.6
5.0,0.6
2.23,0.4
2.55,0.6
2.23,0.6
1.79,0.6
3.57,0.8
4.7,0.4
1.27,0.4
5.43,1.0
1.61,0.6
1.66,0.4
1.83,0.2
1.27,0.4
1.33,0.0
2.12,0.6
1.65,0.2
2.29,0.6
3.28,0.8
1.65,0.2
4.75,0.8
2.06,0.6
3.52,0.6
2.9,0.8
1.57,0.2
4.59,0.8
2.77,0.6
1.89,0.0
2.4,0.6
1.57,0.2
4.59,0.8
2.36,0.6
1.89,0.0
3.97,0.4
4.98,0.6
2.6,0.6
2.57,0.6
2.08,0.6
1.27,0.4
3.21,0.6
3.73,0.4
2.8,0.2
5.83,0.4
3.29,0.6
1.86,0.2
2.05,0.2
1.59,0.8
3.06,0.8
1.27,0.4
2.23,0.8
3.44,0.8
2.23,0.2
2.06,0.4
2.64,0.4
1.9,0.2
5.6,0.8
2.06,0.6
2.0,0.4
1.27,0.4
1.37,0.0
2.56,0.4
2.24,0.6
1.06,0.0
1.27,0.4
3.85,0.4
1.74,0.8
2.17,0.6
2.33,0.6
1.27,0.4
2.31,0.8
1.31,0.2
1.68,0.4
1.92,0.4
1.27,0.4
2.73,0.4
1.94,0.2
2.5,1.0
4.1,0.6
1.27,0.4
3.1,0.8
3.14,0.6
1.89,0.2
2.79,0.2
2.5,0.4
3.04,0.6
2.48,0.6
2.79,0.8
4.02,0.6
1.27,0.4
2.38,0.4
2.0,0.2
2.68,0.6
2.03,0.4
0.95,0.2
1.27,0.4
1.97,0.6
1.4,0.2
1.48,0.2
1.27,0.4
4.08,0.2
3.0,0.4
2.93,0.8
3.27,0.4
1.41,0.4
1.83,0.2
1.83,0.4
4.5,0.8
6.23,0.6
2.75,0.2
1.36,0.6
2.18,0.0
1.78,0.8
2.42,0.2
5.19,0.6
3.65,0.6
2.25,0.6
3.07,1.0
2.95,0.6
1.71,0.4
1.86,0.6
1.03,0.0
1.43,0.2
2.52,0.6
1.85,0.2
2.11,0.6
2.29,0.2
1.56,0.2
2.42,0.2
5.36,0.6
3.1,0.8
3.51,0.8
2.42,0.2
1.96,0.8
3.1,0.8
3.51,0.8
2.42,0.2
1.96,0.8
3.29,0.4
1.56,0.4
2.88,0.6
3.0,0.6
0.74,0.2
2.42,0.2
2.26,0.6
2.0,0.6
2.43,0.4
2.48,0.4
2.42,0.2
1.12,0.0
3.87,0.6
2.97,0.6
3.58,0.6
2.42,0.2
3.26,0.8
1.3,0.2
1.61,0.2
1.6,0.6
2.42,0.2
1.06,0.4
2.39,0.4
2.68,0.6
2.97,0.6
3.83,0.4
1.69,0.4
3.14,0.6
2.83,0.0
3.92,0.4
4.19,0.4
1.61,0.4
2.19,0.4
1.38,0.2
2.71,0.4
2.42,0.2
3.0,0.6
2.27,0.4
1.8,0.4
2.96,0.8
2.42,0.2
1.5,0.6
3.3,0.4
2.53,0.6
1.43,0.4
2.42,0.2
2.54,0.4
2.77,0.4
2.09,0.2
2.5,1.0
2.43,0.2
2.81,1.0
10.22,1.0
1.88,0.4
5.1,1.0
2.42,0.2
2.03,0.4
1.77,0.4
1.71,0.4
1.77,0.2
2.42,0.2
3.33,1.0
0.96,0.4
1.13,0.0
2.61,0.8
2.42,0.2
2.32,0.6
4.24,0.8
2.19,0.4
1.38,0.2
2.42,0.2
0.91,0.6
3.46,0.8
1.2,0.0
2.07,0.4
1.82,0.4
7.12,0.8
2.42,0.4
2.78,0.6
2.15,0.2
2.42,0.2
2.88,0.8
3.87,1.0
1.49,0.4
2.15,0.2
2.42,0.2
1.63,0.2
2.82,0.2
2.16,0.4
2.09,0.4
2.23,0.4
1.48,0.4
5.48,1.0
3.67,1.0
4.81,0.6
2.3,0.8
3.91,1.0
2.31,0.4
2.5,0.4
1.65,0.4
1.7,0.0
1.37,0.2
3.58,0.4
1.86,0.2
1.61,0.4
2.42,0.2
1.84,0.6
3.17,0.4
2.23,0.2
1.9,0.8
2.42,0.2
2.33,0.4
2.52,0.6
1.83,0.2
2.56,0.6
4.67,0.6
1.55,0.6
1.82,0.2
1.74,0.4
1.52,0.2
4.05,0.8
1.96,0.4
1.61,0.4
2.56,0.6
2.0,0.2
2.55,0.6
1.16,0.4
2.19,0.8
2.56,0.6
2.89,0.6
2.82,0.2
2.16,0.6
2.19,0.8
2.56,0.6
3.44,0.8
2.87,0.6
2.1,0.6
1.88,0.4
2.56,0.6
1.47,0.2
2.83,0.2
1.68,0.4
3.72,0.8
0.81,0.2
2.52,0.4
2.84,0.6
1.84,0.8
2.59,0.6
1.92,0.8
1.95,0.4
3.67,0.6
4.86,0.8
2.57,0.4
1.7,0.4
2.17,0.6
2.32,0.6
1.47,0.2
2.27,0.6
2.25,0.6
1.26,0.0
1.27,0.2
1.81,0.2
2.44,0.4
2.04,0.4
2.23,0.2
3.15,0.8
1.95,0.6
1.73,0.2
3.08,0.8
1.74,0.4
1.74,0.8
1.96,0.4
1.68,0.2
1.68,0.4
2.6,1.0
1.69,0.6
2.31,0.2
1.51,0.2
2.0,0.4
2.17,0.2
4.42,0.4
1.2,0.2
1.68,0.4
2.56,0.6
2.34,0.4
5.0,0.6
5.27,0.6
2.21,0.2
3.49,0.8
1.52,0.2
1.66,0.2
2.52,0.8
2.7,0.6
1.65,0.2
2.1,0.6
2.23,0.4
2.0,0.4
1.71,0.6
1.38,0.0
1.56,0.0
3.13,0.4
1.95,0.6
2.26,0.4
2.83,0.4
1.64,0.0
2.41,0.0
1.66,0.4
2.26,0.4
1.8,0.2
3.08,0.6
3.5,0.6
3.08,0.8
2.26,0.4
2.75,0.6
1.92,0.6
2.6,0.4
2.61,0.6
2.26,0.4
1.88,0.2
2.82,0.6
3.57,0.4
2.92,0.4
2.11,0.4
1.36,0.4
3.05,0.6
1.9,0.6
2.56,0.6
1.67,0.6
9.38,0.6
3.67,0.6
4.3,0.4
1.31,0.4
2.26,0.4
1.08,0.0
1.57,0.2
4.4,0.6
2.37,0.6
2.91,0.2
3.34,0.6
3.36,0.8
2.71,0.4
2.42,0.6
2.26,0.4
1.57,0.4
1.88,0.6
5.67,0.6
2.04,0.6
2.08,0.4
2.77,0.6
3.87,0.4
2.52,0.4
3.17,0.2
2.26,0.4
1.73,0.2
3.3,0.2
4.4,0.6
2.03,0.8
2.26,0.4
2.32,0.2
2.34,0.2
2.58,0.2
2.65,0.4
2.37,0.6
4.5,0.8
4.23,0.8
2.6,0.4
2.69,0.4
2.26,0.4
3.57,0.2
2.58,0.4
4.4,0.6
1.45,0.4
4.72,0.4
5.17,0.8
2.39,0.4
2.69,0.4
1.8,0.8
2.55,0.2
2.0,0.4
2.26,0.8
4.4,0.6
1.59,0.4
2.28,0.4
2.14,0.4
3.4,0.4
2.96,0.4
2.3,0.6
2.03,0.2
2.53,0.6
1.28,0.2
1.68,0.6
1.63,0.2
2.55,0.2
3.55,0.4
3.48,0.6
4.49,0.6
3.04,0.8
2.55,0.2
6.06,0.6
3.52,0.8
3.12,0.8
1.84,0.8
3.78,0.8
2.67,0.8
2.75,0.8
4.25,0.8
1.5,0.4
2.55,0.2
1.78,0.6
3.69,0.4
2.81,0.4
2.36,0.8
1.22,0.2
2.08,0.4
1.65,0.6
4.35,0.6
4.08,1.0
2.55,0.2
2.89,0.6
2.38,0.6
3.0,0.8
2.31,0.6
2.11,0.4
2.84,0.6
3.0,0.4
6.54,0.6
0.85,0.4
2.55,0.2
2.34,0.6
4.76,0.8
3.03,0.6
1.43,0.4
2.55,0.2
3.65,1.0
2.91,0.6
1.83,0.4
1.51,0.4
2.99,0.4
3.04,0.4
2.37,0.4
2.24,0.6
1.84,0.4
3.52,0.4
1.78,0.4
2.75,0.6
1.92,0.0
2.77,0.8
2.55,0.2
2.81,0.6
2.69,0.6
1.97,0.4
1.57,0.2
2.55,0.2
2.29,0.6
1.57,0.4
1.97,0.4
3.03,0.4
2.55,0.2
2.27,0.6
3.79,0.6
5.89,0.8
1.59,0.2
2.55,0.2
2.66,1.0
1.83,0.2
1.35,0.0
0.95,0.2
2.55,0.2
2.62,0.8
0.86,0.2
3.15,0.6
1.85,0.6
2.55,0.2
1.76,0.6
2.67,0.2
3.05,0.6
2.62,0.8
2.55,0.2
3.59,0.2
0.86,0.2
1.53,0.2
2.04,0.6
2.55,0.2
2.28,0.2
2.42,0.6
1.27,0.0
1.27,0.0
2.95,0.6
1.39,0.6
2.54,0.4
1.58,0.4
3.21,0.6
2.55,0.2
2.0,0.4
2.55,0.4
1.87,0.4
1.7,0.4
2.49,0.8
2.88,0.4
1.67,0.2
1.7,0.0
2.84,0.4
1.88,0.2
3.17,0.4
1.58,0.4
2.44,0.6
2.57,0.6
2.55,0.2
1.74,0.4
1.58,0.4
3.63,0.8
1.49,0.6
2.55,0.2
2.79,0.4
1.52,0.2
2.95,0.4
2.06,0.8
2.55,0.2
8.2,1.0
2.4,0.6
2.7,0.6
2.06,0.8
2.55,0.2
2.0,0.6
2.4,0.6
8.2,1.0
4.17,0.8
2.55,0.2
3.5,0.8
3.12,0.6
2.46,0.8
2.11,0.4
2.55,0.2
3.0,0.8
2.38,0.6
4.91,0.8
1.46,0.2
2.26,0.4
1.11,0.0
4.1,0.6
3.58,0.8
1.28,0.2
2.55,0.2
2.27,0.4
2.47,1.0
5.93,0.4
3.07,0.8
4.64,0.8
1.23,0.2
2.29,0.6
1.19,0.2
2.79,0.2
8.4,0.8
2.5,0.4
1.25,0.2
2.09,0.6
1.43,0.4
4.88,0.8
3.22,0.2
2.93,0.4
3.73,0.4
1.14,0.6
4.32,0.6
2.41,0.6
0.84,0.4
3.04,0.6
1.39,0.6
4.25,0.6
0.89,0.0
1.07,0.4
1.97,0.2
2.15,0.2
5.07,0.6
2.38,0.6
3.66,0.4
2.55,0.8
2.31,0.2
3.09,0.6
2.95,0.4
1.76,0.2
2.03,0.2
1.67,0.6
1.97,0.2
5.24,0.8
3.52,0.4
3.11,0.6
1.45,0.2
2.69,0.4
2.77,0.6
3.44,0.4
1.81,0.4
4.29,0.6
2.6,0.4
1.97,0.2
1.04,0.6
9.18,0.8
0.87,0.0
1.38,0.2
2.33,0.6
2.94,0.6
5.44,0.6
1.59,0.6
1.19,0.2
3.09,0.6
2.22,0.2
2.05,0.6
1.94,0.8
1.69,0.2
3.22,0.6
1.86,0.4
1.97,0.2
1.97,0.6
4.06,0.6
1.96,0.0
3.86,0.6
1.71,0.0
2.17,0.4
5.05,1.0
3.33,0.8
1.8,0.4
1.97,0.2
2.14,0.6
3.65,0.8
2.32,0.6
1.93,0.6
2.5,0.8
1.77,0.6
1.52,0.4
1.87,0.6
1.67,0.2
1.06,0.4
2.41,0.4
3.69,0.8
3.19,0.8
3.86,0.6
4.91,0.6
2.24,0.8
2.5,0.2
2.52,0.6
2.28,0.6
5.05,0.4
1.5,0.4
2.83,0.4
1.08,0.0
2.71,0.2
1.75,0.4
2.8,0.4
4.04,0.4
1.97,0.2
3.02,0.6
1.18,0.4
2.72,0.2
2.69,0.6
2.03,0.4
2.96,0.4
1.97,0.2
3.44,0.8
3.56,0.8
2.27,0.4
3.37,0.4
4.57,0.6
5.75,0.4
3.21,0.8
4.88,0.4
3.31,0.8
6.51,0.8
3.51,0.6
2.71,0.2
2.8,0.2
4.16,0.6
1.97,0.2
2.03,0.8
1.91,0.6
3.17,0.4
2.67,0.6
2.3,0.2
2.58,0.6
7.0,0.8
2.06,0.4
2.93,0.6
4.56,0.4
1.38,0.4
2.33,0.6
2.41,0.6
2.48,0.6
1.97,0.2
2.5,0.4
2.77,0.8
4.47,0.6
2.09,0.4
1.97,0.2
1.85,0.6
2.96,0.4
2.75,0.8
1.59,0.2
2.41,0.6
3.71,0.6
2.44,0.4
1.97,0.2
2.54,1.0
4.11,0.6
1.16,0.4
1.26,0.2
2.74,0.6
2.74,0.2
3.86,0.6
1.86,0.2
1.5,0.2
3.23,0.8
0.67,0.0
2.0,0.2
1.16,0.4
2.54,1.0
4.14,0.8
1.94,0.4
1.97,0.2
2.55,0.8
1.09,0.4
1.97,0.2
2.3,0.8
2.66,0.4
1.94,0.2
1.67,0.4
3.7,0.6
2.18,0.2
1.97,0.2
1.41,0.2
2.26,0.2
3.37,0.4
3.13,0.4
1.97,0.2
3.89,0.6
3.29,0.8
0.91,0.4
1.67,0.2
2.0,0.4
3.48,0.8
2.63,0.6
2.37,0.4
5.71,0.8
1.97,0.4
2.32,0.2
4.32,0.6
2.06,0.4
1.05,0.0
0.72,0.0
1.82,0.6
1.94,0.2
2.94,0.4
1.04,0.2
1.97,0.2
2.68,0.6
1.94,0.2
1.47,0.0
1.04,0.2
1.97,0.2
1.5,0.4
3.03,0.4
3.92,1.0
2.52,0.6
2.21,0.4
3.76,0.8
3.11,0.4
2.68,0.4
2.54,1.0
1.97,0.2
1.37,0.2
1.78,0.6
2.12,0.6
2.54,1.0
1.97,0.2
4.22,0.6
5.74,0.6
2.0,0.6
2.54,1.0
1.97,0.2
2.82,0.6
4.0,0.4
2.23,0.4
2.54,1.0
1.97,0.2
2.41,0.4
2.62,0.4
2.34,0.6
1.29,0.2
1.43,0.4
3.69,0.6
1.32,0.4
2.48,0.4
1.5,0.6
1.97,0.2
3.07,0.4
1.42,0.0
2.06,0.8
2.0,0.4
3.95,0.6
3.4,0.6
1.94,0.4
1.21,0.0
2.74,0.8
2.94,0.2
4.36,0.6
1.65,0.4
1.21,0.0
3.08,0.4
3.46,0.4
3.55,0.6
4.0,0.8
1.21,0.0
4.35,0.8
3.28,1.0
3.18,0.4
3.72,1.0
3.12,0.6
2.0,0.4
1.63,0.6
2.63,0.2
3.16,0.6
2.95,0.4
1.09,0.4
2.74,0.6
3.76,0.6
3.43,0.6
1.21,0.0
3.57,0.4
4.75,0.4
2.31,0.2
2.96,0.4
2.45,0.4
1.76,0.2
2.03,0.2
4.38,0.8
2.0,0.6
3.89,0.4
1.77,0.6
2.22,0.4
0.98,0.2
2.16,0.6
4.89,0.2
2.45,0.4
1.37,0.2
1.68,0.4
2.83,0.4
2.52,0.8
2.62,0.8
1.51,0.4
1.57,0.6
1.21,0.0
2.52,0.8
2.62,0.8
2.23,0.2
2.5,0.4
1.21,0.0
2.91,0.6
3.28,0.8
1.85,0.0
1.88,0.4
2.42,0.6
4.62,0.2
5.31,0.8
3.24,0.2
2.83,0.4
3.32,0.6
2.59,0.6
3.3,0.4
5.78,0.6
4.37,0.6
3.3,0.6
1.21,0.0
3.93,0.8
2.56,0.4
2.3,0.4
1.89,0.4
4.44,0.6
1.83,0.4
3.15,0.8
1.09,0.0
1.21,0.0
2.06,0.2
2.67,0.6
1.89,0.4
1.6,0.2
4.17,0.6
4.44,0.6
3.8,0.4
2.5,0.6
5.36,0.6
1.21,0.0
4.44,0.6
2.58,0.6
1.27,0.6
2.04,1.0
3.06,0.6
3.0,0.6
1.58,0.6
3.78,0.8
1.32,0.4
2.0,0.6
4.38,1.0
2.74,0.8
3.83,0.4
1.14,0.0
1.21,0.0
3.14,0.6
1.56,0.4
1.77,0.2
2.17,0.6
1.21,0.0
3.0,0.4
1.21,0.4
4.86,0.6
1.56,0.4
2.03,0.6
1.21,0.4
1.44,0.6
3.48,0.6
0.95,0.2
1.21,0.0
3.06,0.6
2.53,0.8
2.65,0.8
1.88,0.4
2.12,0.2
1.83,0.2
2.54,0.4
3.4,0.6
2.22,0.6
1.21,0.0
2.64,0.2
2.59,0.4
4.12,0.4
1.86,0.6
2.33,0.4
1.92,0.8
1.56,0.2
3.58,0.4
1.92,0.8
7.39,1.0
5.75,0.4
5.22,0.4
3.15,0.6
1.8,0.6
5.88,0.6
3.22,0.6
1.74,0.2
2.88,0.6
2.05,0.6
1.21,0.0
1.39,0.4
2.5,0.6
6.87,0.8
2.12,0.4
2.76,0.6
3.14,0.8
1.66,0.2
1.15,0.4
2.5,0.4
1.21,0.0
3.05,0.6
1.92,0.6
4.33,0.4
2.86,0.4
1.21,0.0
2.44,0.4
1.72,0.4
3.4,0.6
2.32,0.6
1.21,0.0
1.47,0.0
1.07,0.2
2.86,0.4
2.75,0.6
1.21,0.0
2.3,0.2
2.34,0.4
3.49,0.6
1.44,0.2
1.62,0.4
1.59,0.2
3.3,1.0
1.89,0.2
1.66,0.4
1.21,0.0
2.11,0.4
1.94,0.2
1.47,0.4
1.07,0.2
2.5,0.4
5.83,1.0
4.08,0.6
6.87,0.8
1.73,0.4
1.21,0.0
1.83,0.4
2.58,0.8
3.06,0.6
1.06,0.2
7.83,0.8
2.77,0.8
1.88,0.6
2.05,0.8
1.23,0.4
1.91,0.0
1.89,0.2
3.14,0.4
3.47,0.4
1.37,0.4
1.21,0.0
3.0,0.2
1.68,0.2
3.74,0.4
2.05,0.4
2.38,0.6
2.56,0.6
7.58,1.0
4.41,0.6
2.7,0.6
1.21,0.0
1.51,0.2
5.39,0.6
3.62,0.8
1.89,0.4
3.0,0.6
1.74,0.2
2.0,0.4
3.64,0.4
0.76,0.0
1.77,0.4
1.76,0.4
2.86,0.4
1.7,0.2
2.69,0.6
4.25,0.6
1.21,0.0
2.21,0.4
3.64,0.4
1.28,0.2
1.21,0.0
1.7,0.2
2.42,0.8
4.05,0.6
2.12,0.8
4.27,0.4
2.96,0.8
2.0,0.6
4.47,1.0
