2.13,0.8
2.0,0.4
2.15,0.6
1.21,0.6
2.34,1.0
2.08,0.6
3.7,0.6
2.42,0.2
2.44,0.4
4.29,0.4
2.0,0.6
2.03,0.0
2.42,0.2
2.67,0.6
2.11,0.4
2.88,0.4
2.03,0.0
4.25,0.0
3.0,0.4
2.76,0.4
2.73,0.8
2.03,0.0
2.42,0.2
2.62,0.6
3.62,0.6
2.36,0.6
2.96,0.4
1.74,0.6
2.16,0.4
2.29,0.8
2.94,1.0
2.98,0.8
3.71,0.8
1.22,0.2
2.5,0.8
1.45,0.4
1.92,0.2
1.83,0.4
2.82,0.8
1.52,0.4
2.52,0.4
2.78,0.6
5.5,1.0
2.27,0.4
1.07,0.2
2.47,0.0
2.78,0.6
3.08,0.6
1.9,0.8
1.88,0.2
3.67,0.4
1.51,0.2
1.64,0.2
2.15,0.2
2.8,0.8
2.54,0.6
1.64,0.2
2.88,0.2
2.31,0.4
1.4,0.2
3.11,0.8
1.64,0.2
1.94,0.8
1.71,0.4
2.56,0.2
1.76,0.4
2.56,0.4
2.5,1.0
1.94,0.8
2.09,0.8
2.33,0.6
0.96,0.0
1.64,0.2
3.52,0.4
2.43,0.4
2.14,0.8
3.42,0.8
2.2,0.6
2.3,0.6
4.25,0.6
2.5,0.4
2.42,0.2
2.97,0.4
1.41,0.6
3.89,0.6
2.11,0.4
5.0,0.6
1.77,0.6
1.61,0.4
2.45,0.4
2.2,0.6
1.23,0.0
1.9,0.0
1.07,0.2
1.51,0.2
2.45,0.8
1.59,0.2
1.32,0.2
1.07,0.2
3.64,0.8
2.27,0.6
2.5,0.6
3.08,0.8
3.71,0.8
2.65,0.6
3.04,0.4
2.78,0.6
4.47,0.8
3.71,0.8
4.0,0.6
1.93,0.2
5.0,0.6
2.23,0.2
1.85,0.4
1.66,0.4
1.38,0.0
1.42,0.2
2.38,0.0
1.27,0.4
1.49,0.0
3.71,0.8
1.73,0.2
2.65,0.6
1.73,0.2
2.7,0.6
1.37,0.4
2.41,0.6
3.15,0.8
2.0,0.6
4.71,1.0
3.71,0.8
1.54,0.4
2.65,0.6
2.43,0.6
2.25,0.4
1.31,0.4
2.0,0.4
1.66,0.4
3.71,0.8
3.47,0.6
2.6,0.2
2.55,0.4
3.71,0.8
4.5,1.0
1.71,0.4
3.38,1.0
2.78,0.4
1.92,0.6
3.32,0.4
2.78,0.4
8.17,1.0
1.14,0.6
0.97,0.0
2.56,0.6
1.9,0.4
2.21,0.8
2.27,0.6
3.71,0.8
3.15,0.4
2.11,0.4
1.61,0.4
3.77,0.2
1.62,0.2
2.09,0.6
3.3,0.6
1.31,0.4
3.71,0.8
3.2,0.2
1.24,0.4
2.87,1.0
1.72,0.4
1.65,0.2
2.46,0.6
2.56,0.4
2.35,0.8
1.05,0.2
2.57,0.0
5.12,0.8
2.08,0.4
1.5,0.4
2.45,0.2
3.23,0.6
2.52,0.0
5.24,0.8
1.67,0.4
2.33,0.6
4.12,0.8
1.28,0.2
1.59,0.2
3.03,0.4
3.08,0.6
1.05,0.2
5.12,0.8
2.79,0.4
1.6,0.4
1.78,0.6
1.05,0.2
5.12,0.8
3.97,0.4
2.07,0.6
1.52,0.4
2.03,0.4
2.07,0.0
1.97,0.0
1.66,0.2
2.23,0.4
1.27,0.4
3.26,0.8
3.25,0.8
2.43,0.4
4.74,0.8
2.3,0.6
2.23,0.4
0.98,0.2
2.52,0.4
1.53,0.0
3.0,0.4
2.23,0.4
0.98,0.2
4.27,0.8
2.0,0.4
1.64,0.2
1.63,0.8
2.23,0.4
0.98,0.2
2.23,0.4
2.57,0.8
1.89,1.0
0.56,0.0
1.31,0.2
0.92,0.2
2.36,0.4
3.5,0.4
2.42,0.6
2.19,0.2
0.33,0.0
2.72,0.4
1.6,0.6
1.79,0.6
2.2,0.6
0.98,0.2
2.23,0.4
2.77,0.6
2.04,0.2
2.39,0.4
1.97,0.6
2.23,0.4
0.98,0.2
1.27,0.0
5.22,0.4
4.7,0.8
3.49,0.4
2.95,0.4
2.26,0.4
1.2,1.0
1.58,0.2
2.34,0.4
4.34,0.4
2.82,0.6
2.74,0.2
2.61,0.4
3.6,1.0
4.65,0.6
1.45,0.4
3.95,0.6
1.85,0.8
1.67,0.4
1.61,0.4
3.78,1.0
2.04,0.2
0.98,0.2
2.35,0.4
2.23,0.4
2.19,0.6
3.58,0.4
0.98,0.2
3.08,0.8
2.23,0.4
3.41,0.4
3.09,0.6
1.48,0.0
2.23,0.4
0.98,0.2
2.89,0.2
2.03,0.4
0.98,0.2
2.63,0.6
22.5,0.0
2.23,0.4
3.54,0.6
2.34,0.6
1.32,0.4
2.21,0.8
1.77,0.2
1.49,0.4
2.44,0.6
2.55,0.6
1.32,0.4
4.52,0.8
1.57,0.2
1.92,0.8
4.45,0.6
2.0,0.4
4.83,0.6
2.0,0.2
1.2,0.4
2.09,0.4
4.81,1.0
1.71,0.4
1.86,0.4
2.12,0.4
2.35,0.2
1.73,0.2
2.0,0.2
2.52,0.6
2.19,0.2
1.91,0.2
1.89,0.0
1.67,0.2
2.0,0.2
2.0,0.2
1.55,0.2
2.89,0.4
2.27,0.4
1.68,0.8
5.1,1.0
1.68,0.6
2.79,0.8
3.75,1.0
2.0,0.2
2.18,0.2
2.93,0.6
2.0,0.2
0.89,0.2
2.08,0.2
1.09,0.8
4.86,0.8
2.83,0.4
3.8,0.8
2.08,0.8
2.14,0.2
3.31,0.4
2.73,0.6
5.25,1.0
2.51,0.4
2.14,0.2
2.25,0.4
1.34,0.6
2.89,0.8
2.21,0.4
2.83,1.0
2.71,0.6
3.32,0.4
4.08,0.8
2.14,0.2
2.14,0.2
3.17,0.6
3.08,0.6
1.93,0.4
4.26,0.8
2.14,0.2
1.46,0.4
1.39,0.4
1.45,0.2
2.5,0.4
2.14,0.2
3.36,0.6
2.85,0.6
3.81,0.4
2.12,1.0
2.52,0.8
2.73,0.4
3.45,1.0
2.14,0.2
2.74,0.4
2.61,0.4
0.69,0.0
0.94,0.2
1.48,0.2
2.14,0.2
2.14,0.2
1.82,0.4
1.69,0.0
3.08,0.6
2.7,0.6
1.76,0.6
2.14,0.2
2.4,0.6
2.09,0.4
2.41,0.2
2.27,0.4
2.14,0.2
2.77,0.4
4.13,0.6
3.03,0.4
2.27,0.4
2.14,0.2
1.46,0.4
2.87,0.6
2.31,0.6
1.92,0.8
6.13,0.8
1.97,0.4
4.12,0.6
2.14,0.2
1.7,0.6
4.0,0.8
1.62,0.2
2.48,0.6
4.68,0.6
3.32,0.4
2.77,0.8
1.32,0.4
2.48,0.6
4.15,1.0
1.92,0.8
6.13,0.8
1.97,0.4
4.12,0.6
2.14,0.2
2.35,0.6
3.38,0.4
1.8,0.0
2.48,0.6
2.63,0.6
2.97,0.4
2.55,0.2
2.91,0.2
2.48,0.6
4.43,0.6
1.86,0.8
1.92,0.2
3.73,1.0
3.69,0.6
1.64,0.2
1.45,0.2
4.58,0.6
1.94,0.2
2.48,0.6
1.62,0.4
2.73,0.4
2.44,0.6
1.6,0.4
2.18,0.2
3.95,0.6
2.14,0.4
4.07,0.4
1.84,0.6
2.5,0.0
4.1,0.4
1.27,0.2
4.29,0.8
2.88,0.4
1.88,0.6
2.79,0.2
5.33,1.0
3.27,0.4
3.89,0.2
1.97,0.2
0.92,0.4
2.07,0.4
3.31,0.6
3.83,0.4
2.52,0.2
2.62,0.4
1.8,0.8
2.66,0.4
3.38,0.4
2.48,0.6
4.68,0.8
2.12,0.4
1.84,0.4
4.2,0.8
2.48,0.6
5.25,1.0
1.79,0.4
1.7,0.6
1.15,0.2
2.31,0.4
5.4,0.8
2.17,0.8
1.55,0.0
2.81,0.2
2.48,0.6
3.5,0.6
2.36,0.6
1.96,0.6
2.62,0.6
2.09,0.4
2.44,0.6
3.13,0.8
1.67,0.6
2.79,0.8
2.48,0.6
3.19,0.8
1.05,0.0
2.0,0.2
2.38,0.4
2.48,0.6
2.17,0.8
1.62,0.6
2.56,0.4
1.58,0.6
2.48,0.6
3.42,0.6
1.18,0.0
1.66,0.0
4.0,1.0
2.48,0.6
3.85,1.0
1.71,0.4
2.08,0.6
2.07,0.4
1.97,0.2
2.38,0.8
2.5,0.6
1.76,0.2
0.88,0.2
2.48,0.6
2.81,0.8
2.67,0.6
2.93,0.8
2.67,0.8
2.83,0.6
2.81,0.4
2.54,0.4
2.03,0.6
2.33,0.4
2.48,0.6
4.94,0.6
1.26,0.4
2.48,0.6
2.12,0.4
1.0,0.0
2.33,0.6
2.51,0.8
1.91,0.4
1.77,0.2
2.57,0.8
1.57,0.8
3.0,0.0
1.57,0.4
2.21,0.2
2.81,0.4
2.67,0.4
2.37,0.6
3.42,0.4
1.32,0.4
2.48,0.6
1.95,0.4
1.07,0.4
5.32,0.4
1.64,0.2
2.63,0.8
2.98,0.4
3.3,0.8
1.37,0.2
2.64,0.6
1.73,0.8
3.1,1.0
1.53,0.2
2.03,0.4
1.17,0.2
1.77,0.8
2.03,0.4
1.97,0.4
9.0,1.0
2.35,0.6
2.48,0.6
3.95,0.4
1.57,0.4
2.48,0.6
2.57,1.0
2.5,0.4
2.06,0.2
1.39,0.4
2.07,0.4
3.44,0.6
1.74,0.6
4.59,0.6
1.3,0.4
3.6,0.8
2.35,0.6
1.89,0.0
6.94,0.6
1.6,0.4
2.66,0.4
3.46,0.8
3.17,0.8
1.57,0.4
0.83,0.2
1.68,0.4
1.73,0.4
1.76,0.2
2.45,0.2
3.59,0.6
1.57,0.4
7.0,0.0
2.31,0.4
1.65,0.6
1.76,0.6
1.57,0.4
3.48,0.2
2.35,0.4
2.41,0.4
2.35,0.4
4.25,0.8
3.47,1.0
1.86,0.2
1.6,0.4
1.58,0.2
1.57,0.4
2.86,0.4
3.14,0.6
4.09,1.0
1.84,0.8
1.57,0.4
2.3,0.4
3.85,0.4
1.9,0.6
1.59,0.6
2.5,0.6
2.63,0.6
0.75,0.0
4.59,0.6
2.9,0.4
2.81,0.2
0.78,0.2
3.63,0.4
2.02,0.4
1.31,1.0
2.55,0.2
0.78,0.2
2.1,0.4
1.75,0.2
4.24,0.6
2.69,0.6
2.86,0.8
1.05,0.2
1.76,0.2
1.61,0.4
2.52,0.4
1.41,0.0
2.28,0.6
3.5,0.6
1.94,0.6
1.57,0.4
2.25,0.8
2.42,0.6
1.22,0.0
3.57,0.4
1.57,0.4
1.87,0.8
2.17,0.2
2.69,0.2
1.57,0.4
3.31,1.0
1.44,0.2
1.83,0.6
2.18,0.2
1.57,0.4
1.33,0.2
1.4,0.0
2.24,0.4
2.64,0.0
1.0,0.2
2.44,0.4
2.13,0.6
2.43,0.2
2.62,0.4
2.9,0.6
1.89,0.4
9.43,0.8
1.67,0.4
2.04,0.4
2.04,0.6
1.57,0.4
1.56,0.8
1.58,0.2
2.45,0.4
2.31,0.6
1.57,0.4
1.09,0.0
4.07,0.8
3.25,0.6
1.61,0.6
2.16,0.4
2.97,0.4
2.67,0.4
2.85,0.4
2.28,0.6
1.57,0.4
4.58,0.8
1.65,0.6
2.78,0.2
1.84,0.4
2.71,0.6
2.38,0.6
2.96,0.8
7.15,0.8
1.81,0.4
1.32,0.2
1.61,0.6
2.76,0.8
1.83,0.2
1.29,0.2
1.57,0.4
2.9,0.6
1.0,0.0
2.8,0.4
1.74,0.4
2.43,0.4
3.07,0.6
2.66,0.4
7.15,0.8
15,1.0
1.43,0.4
2.0,0.2
1.16,0.0
2.46,0.6
3.13,1.0
4.14,0.6
2.46,0.4
3.66,1.0
1.42,0.2
2.96,1.0
3.87,0.6
2.85,0.8
1.72,0.2
3.92,0.6
3.26,0.8
1.57,0.4
4.43,0.8
2.43,0.4
5.25,1.0
2.12,0.6
3.46,0.6
3.03,0.8
1.76,0.4
3.04,0.6
2.56,0.2
1.67,0.0
2.8,0.8
1.29,0.2
2.79,0.4
1.67,0.6
1.57,0.4
3.52,0.8
2.44,0.2
1.31,0.2
1.59,0.6
2.2,0.6
3.63,1.0
2.55,0.4
1.72,0.0
2.86,0.8
2.28,0.6
1.93,0.6
3.0,0.6
4.8,0.8
3.07,0.8
3.42,0.6
1.75,0.2
3.59,0.4
4.08,0.8
1.76,0.2
2.32,0.4
2.83,0.8
3.0,0.6
2.63,0.4
2.27,0.4
3.52,0.6
3.92,1.0
3.0,0.6
3.27,0.6
2.73,0.2
2.11,0.4
1.7,0.6
2.09,0.2
1.82,0.2
1.84,0.4
2.53,0.8
2.44,0.6
2.09,0.2
1.82,0.2
2.51,0.6
2.98,0.6
2.65,0.6
1.79,0.4
5.45,1.0
2.7,0.4
2.29,1.0
1.04,0.2
3.0,0.6
1.84,0.4
2.78,0.6
5.7,1.0
1.45,0.2
3.0,0.6
4.07,0.6
3.1,0.2
1.91,0.4
3.22,0.4
4.24,0.8
2.5,0.4
1.91,0.4
5.27,0.8
2.6,0.8
3.0,0.6
3.02,0.4
1.05,0.0
4.21,1.0
3.57,0.4
3.0,0.6
1.24,0.4
3.88,0.4
3.0,0.6
3.59,0.8
4.04,0.8
1.81,0.4
1.07,0.2
2.16,0.4
2.35,0.4
3.0,0.6
3.61,0.6
2.12,0.6
1.36,0.4
3.12,0.6
3.96,1.0
1.09,0.2
2.12,0.6
3.96,1.0
2.1,0.2
3.12,0.6
1.09,0.2
4.5,0.8
2.31,0.6
3.18,0.4
3.0,0.6
1.84,0.4
3.76,0.8
3.88,1.0
3.75,1.0
2.58,0.8
4.35,0.8
2.31,0.6
1.84,0.4
3.0,0.6
4.5,0.8
2.0,0.6
2.35,0.6
2.11,0.6
2.09,0.4
2.08,0.2
3.48,0.6
3.21,0.6
4.31,0.6
1.65,0.6
3.33,0.6
3.91,0.6
0.98,0.0
2.77,0.4
1.78,0.0
2.83,0.0
2.48,0.4
2.12,0.6
4.64,1.0
2.4,0.4
2.52,0.8
4.18,1.0
1.93,0.4
4.64,1.0
2.12,0.6
2.52,0.8
4.18,1.0
2.27,0.8
3.58,0.6
2.48,1.0
2.18,0.6
4.0,0.8
2.58,0.6
5.95,0.8
3.34,0.2
1.46,0.2
2.42,0.2
2.83,0.0
2.73,0.4
1.78,0.0
2.1,0.4
3.34,0.4
3.44,0.4
3.53,0.4
2.88,0.8
1.61,0.4
2.83,0.2
0.9,0.2
2.34,0.4
2.83,0.0
3.25,0.4
2.81,0.4
2.73,0.2
2.11,0.4
1.7,0.6
2.09,0.2
1.82,0.2
4.89,0.6
2.83,0.0
3.89,0.2
2.7,0.2
2.42,0.2
4.37,0.8
1.57,0.4
2.81,0.4
2.7,0.6
3.26,0.4
2.92,0.2
2.83,0.0
2.77,0.4
3.76,0.4
3.1,0.4
3.71,0.6
2.35,0.6
1.74,0.6
0.91,0.4
2.37,0.6
1.59,1.0
1.23,0.4
3.76,0.4
1.6,0.2
2.48,0.6
3.71,0.6
2.71,0.4
2.67,0.8
2.48,0.4
1.09,0.0
2.77,0.4
2.83,0.0
4.18,0.8
2.24,0.4
2.33,0.6
2.77,0.4
2.83,0.0
3.07,0.8
4.0,0.6
1.77,0.4
2.15,0.4
2.4,0.8
3.85,0.6
2.41,0.2
1.53,0.2
3.29,0.4
2.42,0.4
2.17,0.6
3.0,0.4
2.68,0.4
2.83,0.0
1.78,0.2
1.78,0.0
2.8,1.0
3.94,1.0
1.78,0.4
3.75,0.6
1.9,0.6
1.58,0.2
5.15,0.8
2.47,0.8
2.25,0.2
3.23,0.4
3.37,0.6
2.67,0.6
1.68,0.4
1.78,0.0
2.83,0.0
1.83,0.8
3.4,0.6
2.83,0.0
3.6,0.6
3.83,0.4
1.49,1.0
1.56,0.2
1.24,0.2
1.9,0.4
2.83,0.0
3.81,0.6
6.25,0.8
5.41,0.6
3.53,0.2
2.92,0.8
3.82,0.4
3.15,0.6
1.43,0.6
5.94,1.0
2.78,0.8
2.17,0.2
2.81,0.6
1.35,0.0
2.46,0.4
3.62,0.8
4.17,0.8
2.37,0.8
3.47,0.8
1.36,0.4
0.76,0.0
1.9,0.8
1.86,0.2
1.61,0.4
1.06,0.2
1.94,0.6
1.4,0.4
2.77,0.4
2.11,0.6
2.46,0.2
2.83,0.0
2.0,0.6
2.71,0.4
2.06,0.2
1.94,0.2
1.85,0.2
2.43,0.6
2.87,0.4
2.14,0.6
1.25,0.0
2.34,0.8
2.34,0.4
2.45,0.4
1.5,0.4
2.69,0.4
3.74,0.8
4.61,0.4
3.71,0.2
1.21,0.4
3.47,0.6
5.69,0.8
1.96,0.4
2.66,0.2
2.77,0.4
2.83,0.0
3.38,0.6
1.81,0.6
2.21,0.2
1.43,0.4
1.81,0.2
1.76,0.2
1.54,0.6
1.44,0.6
1.79,0.2
1.06,0.2
2.2,0.6
2.0,0.6
1.68,0.2
2.77,0.4
2.83,0.0
2.21,0.8
1.48,0.2
1.52,0.6
3.3,0.2
1.9,0.2
2.91,0.6
2.77,0.6
1.56,0.6
1.09,0.4
3.57,0.4
1.91,0.2
1.53,0.2
2.37,0.4
1.09,0.4
3.57,0.4
1.91,0.2
1.53,0.2
2.37,0.4
1.46,0.2
1.8,0.2
5.31,0.6
2.03,0.2
2.56,0.6
3.95,0.8
2.83,0.0
2.06,0.2
3.25,0.6
3.61,0.6
1.84,0.2
1.72,0.0
1.33,0.2
2.87,0.4
3.26,0.6
3.46,0.6
2.83,0.0
1.78,0.0
1.47,0.4
6.03,0.6
2.77,0.4
2.83,0.0
1.85,0.4
1.94,0.4
1.56,0.4
2.38,0.4
1.54,0.2
1.9,0.6
2.12,0.4
2.65,0.6
2.77,0.4
4.09,0.8
2.83,0.0
3.62,0.6
2.67,0.6
2.77,0.4
3.64,0.4
2.83,0.0
2.55,0.4
3.38,0.6
3.38,0.8
1.56,0.2
3.2,0.4
6.0,0.8
3.94,0.8
4.5,0.6
1.57,0.4
2.96,0.4
2.88,0.8
1.96,0.6
1.92,0.4
2.09,0.6
3.74,0.8
2.0,0.8
5.48,1.0
1.96,0.2
3.09,0.6
2.37,0.6
2.16,0.4
2.29,0.8
1.82,0.4
3.27,0.4
2.19,0.4
3.29,0.6
4.71,0.4
3.1,0.6
3.09,0.6
2.37,0.6
2.48,0.4
1.79,0.4
3.0,0.6
3.09,0.6
2.37,0.6
2.34,0.6
2.43,0.2
4.19,0.6
1.26,0.2
3.19,0.4
1.19,0.4
1.24,0.4
1.36,0.8
1.92,0.6
4.04,0.6
2.78,0.6
2.02,0.2
1.74,0.4
3.09,0.6
2.79,0.4
4.67,0.6
1.52,0.6
2.58,0.6
4.79,0.6
3.34,0.2
1.46,0.2
2.42,0.2
1.79,0.0
2.62,0.4
3.0,0.4
2.88,1.0
1.92,0.4
3.36,1.0
3.57,0.8
2.96,0.6
3.19,0.8
1.69,0.4
4.41,0.8
1.3,0.4
2.16,0.4
2.0,0.8
3.24,0.4
2.59,0.6
3.09,0.6
2.19,0.4
3.25,0.4
2.3,0.2
1.98,0.6
3.09,0.6
2.19,0.4
2.62,0.8
2.51,0.4
1.97,0.4
3.09,0.6
4.08,0.8
1.58,0.4
3.22,0.6
2.04,0.6
3.09,0.6
3.52,0.6
1.96,0.4
2.94,0.6
2.1,0.6
3.09,0.6
2.37,0.6
2.23,0.4
1.45,0.4
2.12,0.2
3.19,0.6
1.73,0.4
1.6,0.4
2.73,0.8
1.93,0.6
1.89,0.4
3.95,0.6
5.12,0.6
3.04,0.6
3.08,0.8
3.09,0.6
2.37,0.6
2.09,0.4
1.84,0.4
2.29,0.2
3.09,0.6
2.37,0.6
3.19,1.0
1.88,0.6
2.79,0.6
3.09,0.6
2.37,0.6
2.46,0.6
3.49,0.4
1.62,0.0
3.09,0.6
2.36,0.4
2.17,0.6
1.41,0.0
1.62,0.0
3.09,0.6
0.95,0.2
2.97,0.8
2.58,0.6
2.36,0.6
3.09,0.6
1.6,0.4
1.52,0.4
1.89,0.8
1.88,0.6
3.09,0.6
0.76,0.0
1.48,0.0
1.55,0.4
1.06,0.4
2.81,0.4
4.32,0.6
3.09,0.6
1.83,0.4
2.69,0.2
3.09,0.6
2.28,0.6
2.96,0.6
1.83,0.4
3.71,0.6
3.09,0.6
2.37,0.6
1.65,0.4
2.5,0.0
1.67,0.4
4.19,0.8
1.62,0.6
1.97,0.6
3.03,0.6
0.75,0.2
3.09,0.6
2.37,0.6
2.62,0.4
4.71,1.0
1.5,0.4
4.24,0.8
2.24,0.8
2.6,0.6
3.42,0.6
3.65,0.6
3.09,0.6
2.37,0.6
5.03,0.4
2.9,0.6
5.09,1.0
2.77,0.6
2.37,0.6
3.09,0.6
2.21,0.4
2.72,0.4
3.09,0.6
2.37,0.6
6.15,0.6
2.0,0.6
2.6,0.8
3.09,0.6
2.37,0.6
1.19,0.4
2.81,0.2
1.59,0.6
3.09,0.6
2.37,0.6
1.93,0.4
2.14,0.6
2.28,1.0
3.09,0.6
2.37,0.6
3.84,0.8
2.1,1.0
2.3,0.6
1.6,0.6
2.12,0.2
2.11,0.2
2.59,0.4
3.09,0.2
4.04,0.4
2.56,0.6
3.4,0.8
4.5,0.6
1.15,0.0
2.21,0.6
3.52,0.8
1.69,0.2
2.64,0.4
2.48,0.2
3.09,0.6
2.37,0.6
2.77,0.8
3.43,0.6
2.53,0.8
1.85,0.2
2.15,0.2
2.57,0.8
3.74,0.6
2.56,0.4
2.37,0.6
2.24,0.8
3.09,0.6
2.5,0.4
1.16,0.2
1.81,0.2
2.37,0.6
3.09,0.6
2.8,0.2
1.97,0.0
2.76,0.6
6.0,0.8
2.63,0.6
5.78,0.8
5.15,0.6
3.09,0.6
2.37,0.6
2.05,0.2
4.47,0.4
1.85,0.4
3.09,0.6
2.37,0.6
3.73,1.0
3.82,0.8
2.9,0.2
2.3,0.4
3.1,0.4
2.78,0.2
1.97,0.2
5.11,0.6
1.69,0.6
3.42,0.6
1.67,0.2
3.19,0.4
1.5,0.4
2.37,0.4
1.93,0.4
2.78,0.2
3.71,0.4
1.57,0.6
1.9,0.2
1.51,0.4
2.93,0.8
2.77,0.2
0.88,0.0
1.8,0.2
5.91,0.6
2.78,0.2
3.0,0.6
5.23,0.6
1.8,0.2
0.88,0.0
2.59,0.6
3.0,0.6
4.34,0.8
1.74,0.4
3.7,0.8
2.09,0.0
1.76,0.6
4.34,0.8
1.74,0.4
1.77,0.4
1.93,0.2
2.22,0.6
3.69,0.6
2.41,0.4
1.88,0.0
2.78,0.2
2.0,0.6
1.43,0.4
2.78,0.2
2.76,0.6
3.38,0.8
2.87,0.8
2.17,0.2
3.06,0.6
1.61,0.2
2.78,0.2
1.74,0.4
1.18,0.2
2.74,0.4
1.58,0.6
3.12,0.8
4.31,0.4
1.68,0.6
7.33,1.0
2.29,0.4
1.74,0.6
2.42,0.4
1.05,0.0
4.2,0.6
1.84,0.2
2.78,0.2
1.84,0.4
1.88,0.2
2.0,0.2
2.78,0.2
3.73,0.8
3.1,0.8
1.63,0.6
4.09,0.8
1.32,0.0
3.37,0.8
3.69,0.8
1.88,0.6
3.67,0.6
1.73,0.2
2.78,0.2
3.27,0.4
4.26,0.8
3.67,0.6
3.11,0.6
2.78,0.2
2.17,0.4
1.9,0.4
3.06,0.6
0.87,0.4
2.78,0.2
3.5,0.4
2.05,0.2
2.71,0.8
3.03,0.8
2.78,0.2
1.66,0.2
2.11,0.4
1.2,0.4
3.03,0.8
2.78,0.2
1.72,0.6
1.31,0.6
1.56,0.2
4.1,0.6
2.07,0.6
2.42,0.6
3.3,0.8
1.05,0.0
2.37,0.4
1.35,0.6
5.43,0.4
1.61,0.6
1.95,0.6
2.73,0.4
1.39,0.4
2.0,0.4
1.65,0.2
2.73,0.6
7.0,1.0
1.05,0.4
2.53,0.8
4.04,1.0
4.5,0.6
5.54,0.6
2.73,0.6
2.58,1.0
4.0,1.0
1.97,0.4
2.78,0.2
3.26,0.6
2.16,0.2
2.79,0.6
3.09,0.4
2.3,0.8
2.7,0.4
2.1,0.6
2.42,0.6
2.0,0.2
3.24,0.4
2.17,0.8
3.6,0.4
2.85,0.8
1.72,0.2
2.61,0.4
1.76,0.4
2.83,0.4
1.57,0.2
3.9,0.6
2.78,0.2
1.68,0.4
2.5,0.6
1.11,0.8
2.09,0.6
0.93,0.2
3.44,1.0
2.12,0.6
1.71,0.4
2.37,0.4
2.78,0.2
2.58,0.4
4.17,0.6
2.59,0.4
2.31,0.8
2.78,0.2
5.15,0.6
2.52,0.8
2.72,0.2
0.82,0.4
2.62,0.4
2.78,0.2
9.55,0.6
1.24,0.4
2.24,0.4
1.39,0.8
2.9,0.8
2.23,0.6
2.51,0.4
2.06,0.6
2.78,0.2
2.35,0.4
2.18,0.6
1.93,0.4
3.0,0.6
1.51,0.0
4.52,0.8
1.74,0.4
1.63,0.6
3.21,0.4
2.78,0.2
4.16,0.6
2.1,1.0
3.65,0.8
3.15,0.6
1.3,0.2
2.76,0.4
4.82,0.8
2.3,0.2
3.15,0.6
1.3,0.2
4.04,0.8
2.73,0.8
1.49,0.2
2.72,0.4
1.63,0.6
3.08,0.6
1.0,0.2
2.64,0.8
3.81,0.4
2.56,0.8
1.91,0.8
1.82,0.8
2.81,0.6
4.91,0.6
2.78,0.2
2.86,0.8
4.91,0.6
1.8,0.4
3.21,0.8
2.78,0.2
1.97,0.4
1.89,0.2
1.66,0.2
2.03,0.4
2.78,0.2
2.13,0.2
4.91,0.6
1.55,0.4
3.61,0.6
1.76,0.6
3.62,0.6
3.62,0.6
1.09,0.6
3.39,0.4
2.78,0.2
2.24,0.8
4.23,0.8
1.09,0.6
1.77,0.2
2.78,0.2
1.85,0.6
7.85,0.8
2.38,0.6
1.78,0.6
2.78,0.2
1.97,0.4
1.94,0.2
3.1,0.8
1.1,0.2
1.59,0.4
2.09,0.4
4.27,0.6
1.13,0.4
2.53,0.8
2.68,0.6
4.74,1.0
7.92,0.8
1.97,1.0
4.27,0.6
2.58,0.6
3.5,0.6
2.44,0.2
2.09,0.2
3.24,0.6
3.29,0.6
3.24,0.6
1.8,0.2
2.09,0.2
2.97,0.6
2.16,0.4
1.44,0.4
3.43,0.8
2.09,0.2
2.97,0.6
1.27,0.6
1.44,0.4
1.8,0.2
2.09,0.2
3.48,1.0
2.12,0.8
1.8,0.2
3.61,0.6
1.91,0.6
1.59,0.6
3.14,0.6
1.48,0.4
2.41,0.2
2.09,0.2
1.61,0.4
2.85,0.4
3.04,0.8
1.8,0.2
0.73,0.2
4.0,0.8
1.49,0.2
2.15,0.4
1.45,0.4
1.0,0.2
2.35,0.6
4.0,0.8
2.52,0.4
2.25,0.6
2.09,0.2
4.19,0.6
2.73,0.6
2.29,0.6
1.8,0.2
2.09,0.2
2.07,0.6
2.16,0.4
1.8,0.2
2.71,1.0
2.09,0.2
2.19,0.8
1.93,0.6
2.73,0.6
1.8,0.2
2.09,0.2
2.77,0.4
0.66,0.0
1.8,0.2
2.25,0.4
1.75,0.4
4.14,0.8
2.36,0.8
2.97,0.6
2.23,0.6
2.09,0.2
1.39,0.2
0.98,0.4
1.8,0.2
4.33,0.6
0.87,0.0
2.34,0.4
1.5,0.4
2.38,0.6
3.47,0.6
2.36,0.8
2.78,1.0
3.43,0.6
1.92,0.2
2.24,0.6
2.09,0.2
3.52,0.8
1.18,0.2
3.08,0.6
4.29,0.8
2.53,0.4
1.29,0.2
5.0,1.0
2.03,0.6
1.35,0.0
2.09,0.2
2.83,0.4
2.62,0.6
4.61,1.0
2.44,0.4
2.09,0.2
3.07,0.6
1.64,0.4
3.46,0.6
1.97,0.2
2.09,0.2
2.83,0.2
2.16,0.2
2.76,0.4
1.8,0.2
2.09,0.2
2.47,0.6
1.53,0.4
1.83,0.4
1.8,0.2
1.1,0.4
2.0,0.2
1.97,0.0
2.52,0.4
3.58,0.8
2.09,0.2
1.93,0.4
2.23,0.8
2.71,0.4
1.8,0.2
2.09,0.2
3.0,0.6
1.59,0.4
1.5,0.2
2.61,0.6
1.93,0.4
3.43,0.8
2.09,0.2
2.83,0.8
1.8,0.2
1.62,0.6
2.62,0.6
2.81,0.8
1.45,0.4
1.27,0.2
3.0,0.6
3.35,0.6
3.09,0.2
2.17,0.2
1.8,0.6
1.58,0.6
6.4,0.6
2.7,0.4
3.62,0.6
4.44,0.4
1.93,0.4
2.09,0.2
1.83,0.2
2.26,0.4
3.31,0.8
3.54,0.6
2.09,0.2
1.5,0.2
1.62,0.2
2.4,0.4
3.95,0.6
2.0,0.6
1.58,0.4
3.0,0.4
2.08,0.2
1.94,0.6
3.42,0.6
2.23,0.4
2.46,0.6
1.93,0.6
1.77,0.4
3.74,0.4
2.42,0.2
3.4,0.4
2.44,0.2
1.27,0.4
2.78,0.8
4.04,0.6
1.41,0.2
4.1,0.8
1.34,0.4
3.1,0.6
2.62,0.6
2.15,0.4
4.48,0.6
1.27,0.4
1.92,0.6
2.71,0.6
2.92,0.6
4.11,1.0
1.87,0.4
2.42,0.4
1.82,0.4
1.69,0.4
2.91,0.6
1.27,0.4
1.48,0.2
2.92,0.6
3.76,0.6
3.81,0.2
3.42,1.0
1.68,0.6
1.95,0.6
2.81,0.2
1.74,0.8
1.27,0.4
1.48,0.2
2.92,0.6
2.7,0.8
1.36,0.2
1.27,0.4
3.39,0.6
2.89,0.6
1.96,0.4
2.21,0.2
1.27,0.4
2.58,0.4
1.58,0.2
3.4,1.0
8.47,1.0
1.27,0.4
2.0,0.6
2.5,0.4
1.03,0.2
2.56,0.4
1.27,0.4
2.13,0.4
2.43,0.2
3.14,0.8
2.57,0.4
1.27,0.4
4.47,0.4
4.79,0.6
2.77,0.6
2.06,0.6
1.27,0.4
4.65,0.8
2.23,0.4
4.81,0.4
1.91,0.4
1.27,0.4
3.42,1.0
2.92,0.6
2.17,0.6
2.22,0.2
1.27,0.4
2.81,0.6
2.19,0.8
1.32,0.2
4.67,0.4
2.09,0.2
2.97,0.6
1.27,0.6
1.44,0.4
1.8,0.2
1.73,0.4
1.28,0.4
2.59,0.8
2.92,0.8
2.08,0.2
3.16,0.6
3.76,0.2
3.26,1.0
3.38,0.6
2.21,0.2
3.19,0.8
2.14,0.8
1.35,0.2
2.66,0.2
2.59,0.4
1.27,0.4
1.48,0.2
2.92,0.6
2.27,0.4
4.9,0.2
2.27,0.6
3.79,0.8
0.97,0.4
6.88,0.4
1.61,0.2
1.27,0.4
4.92,0.8
2.92,0.6
2.69,0.4
2.79,0.2
1.27,0.4
1.48,0.2
1.9,0.6
2.92,0.6
1.36,0.4
2.79,0.8
3.86,0.8
2.0,0.6
2.52,0.6
4.28,0.8
1.27,0.4
3.9,0.4
2.09,0.4
2.71,0.8
2.44,0.0
1.27,0.4
3.06,0.6
1.65,0.2
1.84,0.6
2.84,0.4
1.27,0.4
4.33,1.0
2.16,0.4
3.24,0.6
3.95,1.0
1.23,0.2
2.15,0.6
1.37,0.2
2.1,0.6
2.93,0.6
1.27,0.4
1.78,0.4
3.17,0.8
2.34,0.8
3.83,0.6
1.27,0.4
4.78,0.6
4.0,0.6
3.28,0.8
4.52,0.8
2.17,0.4
1.9,0.8
2.29,0.4
2.5,0.8
1.0,0.2
3.8,0.8
2.17,0.4
1.18,0.2
2.53,0.8
1.73,0.6
1.91,0.4
1.27,0.4
2.71,0.6
1.92,0.6
1.74,0.2
1.27,0.4
1.48,0.2
2.69,0.8
3.27,0.4
3.3,0.4
1.27,0.4
1.48,0.2
1.94,0.2
2.66,0.6
2.69,0.8
1.27,0.4
5.0,0.4
4.22,0.8
3.11,0.4
3.37,0.6
3.59,0.4
3.46,0.6
2.77,0.6
2.96,0.8
3.28,0.8
1.27,0.4
2.0,0.2
1.46,0.2
2.58,0.6
3.76,0.8
2.76,0.4
3.33,0.6
2.24,0.8
1.26,0.4
4.25,0.4
1.27,0.4
1.48,0.2
5.22,0.8
2.92,0.6
2.81,0.6
1.57,0.2
2.27,0.6
1.67,0.4
2.17,0.0
1.71,0.4
3.08,0.6
3.06,0.4
1.12,0.0
4.03,0.8
3.0,0.6
2.32,0.8
2.25,0.2
2.23,0.4
2.4,0.6
1.41,0.0
1.56,0.4
3.09,0.4
4.6,1.0
1.26,0.4
1.73,0.6
1.77,0.6
4.0,0.8
1.69,0.4
2.22,0.6
4.36,0.6
1.27,0.4
2.38,0.4
2.0,0.2
2.23,0.6
8.2,0.8
4.22,0.8
3.27,0.8
1.24,0.0
1.43,0.0
2.16,0.4
1.79,0.8
3.0,0.4
2.32,0.8
1.89,0.2
2.05,0.2
1.86,0.6
1.91,0.4
2.75,0.4
2.69,0.4
1.63,0.4
2.12,0.4
2.45,0.4
1.59,0.4
1.41,0.2
2.42,0.2
1.11,0.4
2.64,0.4
4.27,0.6
2.95,0.4
3.13,0.4
1.97,0.6
1.52,0.6
2.38,0.2
1.29,0.4
2.42,0.2
1.97,0.6
1.49,0.0
2.58,0.6
2.52,0.8
2.42,0.2
1.52,0.4
3.17,0.6
3.06,0.6
2.16,0.4
2.21,0.2
2.43,0.4
1.97,0.6
4.29,0.6
3.21,0.4
3.72,0.0
3.46,0.6
3.36,0.4
2.28,0.2
3.97,0.2
2.82,0.6
1.71,0.0
3.0,0.4
5.23,0.8
4.46,1.0
1.98,0.4
2.74,0.8
2.3,0.8
3.58,0.8
3.07,0.6
3.15,0.4
3.05,0.8
3.17,0.4
3.0,0.4
2.13,0.4
1.62,0.4
2.45,0.6
1.76,0.4
1.52,0.0
5.64,0.8
2.17,0.2
2.25,0.6
2.89,0.6
2.61,0.8
2.68,0.8
2.42,0.2
2.58,0.6
4.95,0.6
3.34,0.2
1.46,0.2
2.42,0.2
1.71,0.6
1.26,0.4
1.0,0.6
1.62,0.2
3.11,0.2
1.97,0.6
1.85,0.8
1.72,0.6
2.0,0.6
2.02,0.6
2.92,0.6
3.41,1.0
2.56,0.4
1.68,0.4
2.64,0.2
2.73,0.6
2.85,0.6
2.7,0.6
2.74,0.4
2.42,0.2
3.32,0.2
2.34,0.6
2.56,0.8
2.0,0.4
2.5,0.4
3.56,0.8
2.95,0.6
1.4,0.4
2.61,0.8
2.12,0.2
3.55,0.4
3.59,0.6
1.4,0.4
7.57,0.8
3.94,0.8
0.9,0.0
1.39,0.6
2.92,0.6
5.0,0.8
4.59,0.6
3.11,0.6
3.72,0.2
3.37,0.8
1.33,0.4
2.42,0.2
2.88,0.8
2.49,0.4
3.11,0.4
3.88,0.8
1.75,0.4
1.36,0.2
1.86,0.0
2.46,0.2
2.0,0.4
2.27,0.4
3.91,1.0
5.48,1.0
2.16,0.2
2.32,0.8
2.42,0.2
1.98,0.4
2.69,0.4
3.25,0.2
2.77,0.2
2.42,0.2
1.82,0.6
2.46,0.2
2.83,0.0
2.0,0.6
2.42,0.2
2.15,0.6
1.88,0.2
1.97,0.4
3.05,0.8
4.16,0.8
2.17,0.6
3.32,0.6
2.64,0.6
2.55,0.8
3.74,0.6
2.5,0.2
1.82,0.2
2.39,0.2
2.3,0.6
3.91,0.6
4.42,1.0
1.96,0.4
2.56,0.6
2.0,0.4
4.79,0.6
3.76,0.4
3.19,0.6
3.12,0.8
3.0,0.8
3.0,0.4
2.93,1.0
1.94,0.4
1.73,0.6
1.64,0.4
3.5,0.8
1.12,0.6
1.56,0.0
1.97,0.6
2.1,0.2
5.82,0.4
1.64,0.6
1.47,0.6
3.59,1.0
5.88,1.0
1.8,0.0
1.83,0.4
3.05,0.6
2.56,0.6
1.95,0.4
3.24,0.4
1.44,0.4
1.69,0.2
2.56,0.6
1.22,0.0
3.41,0.8
1.76,0.6
1.68,0.4
2.1,0.4
3.11,1.0
2.56,0.6
2.73,0.2
2.55,0.8
3.64,0.6
3.11,1.0
2.56,0.6
1.03,0.4
4.15,1.0
2.56,0.6
2.39,0.6
4.19,0.6
1.49,0.4
4.15,1.0
2.56,0.6
2.23,0.2
1.03,0.0
2.56,0.6
1.26,0.0
3.11,1.0
2.37,0.6
1.7,0.4
1.7,0.4
1.26,0.0
3.11,1.0
2.37,0.6
2.56,0.6
2.52,0.6
4.57,0.8
1.73,0.4
2.65,0.6
2.88,0.4
1.57,0.6
2.85,0.6
2.36,0.4
2.56,0.6
2.11,0.6
1.57,0.6
3.48,0.6
2.36,0.4
2.56,0.6
3.13,0.4
1.94,0.2
2.67,0.6
1.73,0.4
2.56,0.6
5.82,0.4
2.82,0.6
2.79,0.4
2.96,0.6
3.31,0.6
1.68,0.2
2.61,0.6
2.71,0.4
2.83,0.4
3.35,0.8
3.76,0.8
2.83,0.8
1.77,0.4
1.19,0.2
2.5,0.6
2.65,0.4
4.11,0.6
2.18,0.4
2.22,0.4
1.92,0.6
3.54,0.6
3.15,0.6
2.26,0.4
3.35,0.6
4.26,1.0
3.38,0.6
1.91,0.6
2.26,0.4
2.1,0.6
3.43,0.6
2.73,0.6
2.81,0.6
3.08,0.6
3.18,0.6
2.36,1.0
5.12,1.0
2.44,0.4
2.26,0.4
2.62,0.6
4.4,0.6
2.25,0.6
2.55,0.4
1.68,0.4
2.13,0.4
2.7,0.4
2.14,0.4
1.79,0.4
2.26,0.4
2.58,0.4
2.91,0.2
3.52,0.4
1.55,0.2
2.83,0.2
1.94,0.4
2.53,0.2
1.28,0.6
1.34,0.4
2.11,0.8
1.46,0.4
2.28,0.6
2.7,0.6
1.74,0.0
2.26,0.4
2.03,0.0
1.93,0.2
3.62,0.6
2.47,0.8
2.77,0.6
2.34,0.8
2.59,0.4
2.57,0.2
1.14,0.2
1.76,0.4
2.26,0.4
0.89,0.6
4.4,0.6
2.45,0.8
2.76,0.4
3.04,0.6
1.55,0.4
3.0,0.4
1.54,0.4
2.55,0.2
2.39,0.2
2.7,0.4
1.44,0.2
3.38,0.6
2.55,0.2
3.88,0.6
2.83,0.4
2.34,0.2
2.58,0.6
3.37,0.6
2.61,0.6
2.51,0.6
1.33,0.4
1.85,0.2
2.28,0.6
1.56,0.2
1.97,0.4
2.17,0.2
3.38,0.6
2.55,0.2
1.78,0.6
3.88,0.6
2.34,0.2
2.04,0.6
2.5,0.4
2.58,0.6
2.49,0.6
2.97,0.8
3.0,0.8
2.55,0.2
2.38,0.6
2.89,0.6
2.96,0.2
1.15,0.2
2.55,0.2
2.71,0.2
1.26,0.4
1.66,0.2
2.21,0.4
2.55,0.2
1.42,0.0
2.0,0.4
2.5,0.6
1.67,0.4
1.28,0.2
1.7,0.6
1.49,0.2
3.35,0.4
2.35,0.2
1.97,0.6
1.35,0.2
1.05,0.2
1.52,0.2
2.35,0.8
2.55,0.2
2.79,0.6
2.54,0.4
3.82,0.6
2.38,0.6
2.55,0.2
2.0,0.4
2.38,0.4
2.74,0.4
1.58,0.2
2.03,0.4
2.29,0.4
2.65,0.6
2.45,0.6
1.68,0.8
2.38,0.2
1.13,0.2
2.55,0.4
1.41,0.4
1.93,1.0
2.14,0.8
4.33,0.4
3.05,0.8
2.44,0.4
4.69,0.6
2.38,0.8
4.29,0.8
0.86,0.2
3.15,0.6
1.59,0.2
3.17,0.6
2.23,0.4
1.61,0.2
8.14,0.4
2.71,0.4
4.14,0.6
3.23,0.8
3.36,0.0
1.7,0.6
3.83,0.4
3.2,0.6
1.3,0.4
1.8,0.4
2.57,0.4
3.26,0.8
3.03,0.8
5.15,0.6
1.85,0.0
3.43,0.6
3.26,0.8
2.55,0.2
2.5,0.2
3.76,0.8
3.32,0.6
2.11,0.2
1.71,0.2
2.5,0.4
1.92,0.4
2.28,0.8
2.11,0.2
2.55,0.2
1.5,0.4
1.92,0.4
2.02,0.6
2.03,0.4
2.55,0.2
2.5,0.4
3.86,0.6
3.6,0.2
1.46,0.4
3.64,0.8
1.43,0.4
1.46,0.4
4.05,0.4
1.46,0.4
2.3,0.2
2.71,0.6
2.94,0.4
3.04,0.2
3.22,0.2
2.24,0.4
2.56,0.6
1.96,0.6
2.84,0.8
2.63,0.8
3.95,0.8
1.51,0.2
2.34,0.8
2.02,0.2
2.22,0.6
1.49,0.4
4.05,0.6
1.16,0.4
3.27,0.0
2.7,0.8
3.35,1.0
2.39,0.6
3.44,0.8
2.52,0.6
3.52,0.6
2.55,0.2
6.45,0.8
4.4,0.6
2.11,0.6
3.72,0.2
3.76,1.0
1.61,0.2
3.22,0.6
1.71,0.4
2.48,0.6
2.55,0.2
1.74,0.6
2.59,0.6
2.62,0.6
1.58,0.4
2.39,0.6
2.95,0.6
2.4,0.2
1.97,0.2
2.41,0.4
2.0,0.4
1.87,0.6
3.8,0.4
1.97,0.2
1.8,0.8
1.91,0.0
2.22,0.0
1.85,0.4
1.97,0.2
2.34,0.4
3.41,0.6
2.97,0.4
1.87,0.6
4.57,0.6
3.9,0.2
1.73,0.2
7.25,0.6
6.0,1.0
1.97,0.2
3.73,0.8
5.54,1.0
1.21,0.0
2.71,0.2
1.97,0.2
1.82,0.4
1.57,0.2
2.34,1.0
4.48,1.0
3.03,0.6
2.68,0.8
5.41,0.8
3.1,1.0
2.26,0.6
1.97,0.2
3.43,0.6
1.22,0.2
6.0,0.6
3.35,0.4
4.6,0.4
3.36,0.8
4.0,0.4
2.84,0.8
1.93,0.2
1.97,0.2
1.26,0.4
1.46,0.2
2.6,0.6
3.48,0.6
1.97,0.2
3.96,0.6
5.07,0.8
7.0,0.8
2.17,0.4
2.64,0.8
1.57,0.4
2.3,0.2
2.06,0.2
2.92,0.6
1.97,0.2
1.52,0.6
3.17,0.6
1.52,0.0
2.46,0.4
2.52,0.4
2.5,0.8
1.64,0.2
3.12,0.6
2.31,1.0
1.97,0.2
1.73,0.4
2.5,0.2
1.89,0.4
2.52,0.6
1.97,0.2
1.87,0.6
3.46,0.8
3.86,0.8
1.67,0.2
1.97,0.2
2.39,0.8
1.36,0.2
3.43,0.6
2.0,0.4
1.97,0.2
1.83,0.4
4.44,0.8
3.15,0.4
1.95,0.4
1.97,0.2
2.64,0.2
2.4,0.6
2.98,0.6
7.26,0.8
1.87,0.0
3.0,0.4
4.24,0.2
2.19,0.2
3.29,0.6
1.94,0.2
2.98,0.4
2.56,0.6
1.97,0.2
2.42,0.2
2.05,0.0
2.91,0.6
3.09,0.8
1.97,0.2
3.12,0.4
3.04,0.8
4.04,0.8
2.0,0.4
3.02,0.4
5.2,0.8
3.13,0.4
1.06,0.2
2.12,0.2
1.9,0.6
1.7,0.2
1.97,0.2
2.96,0.8
3.0,0.6
2.73,0.8
2.0,0.4
1.97,0.2
1.84,0.8
2.04,0.2
1.9,0.4
3.61,0.8
3.91,0.4
1.22,0.4
2.58,0.2
3.22,0.2
4.35,0.8
5.11,0.6
1.94,0.2
2.52,0.4
4.11,1.0
2.54,1.0
1.97,0.2
2.1,0.2
3.92,0.8
2.52,0.4
1.75,0.4
3.32,1.0
1.7,0.6
2.09,0.4
3.05,0.6
2.54,1.0
1.97,0.2
3.25,0.8
2.45,0.6
4.14,0.8
2.54,1.0
1.97,0.2
2.13,0.4
3.31,0.6
3.25,0.8
4.09,0.6
2.22,0.6
1.95,0.6
3.03,0.4
2.69,0.4
1.32,0.2
4.11,0.6
4.73,0.6
3.03,0.4
2.38,0.2
1.93,0.4
2.18,0.4
11.2,1.0
3.67,0.6
1.68,0.8
1.79,0.4
1.85,0.6
1.56,0.2
1.82,0.4
2.47,0.4
3.92,0.6
1.97,0.2
3.92,0.6
1.82,0.4
1.31,0.2
2.35,0.4
1.97,0.2
2.89,0.4
2.58,0.6
2.77,0.2
4.15,0.6
1.97,0.2
2.03,0.4
1.22,0.2
1.47,0.0
2.22,0.4
4.27,0.4
1.81,0.6
1.22,0.2
1.7,0.4
2.69,0.4
3.58,0.8
1.72,0.2
3.42,0.4
5.92,0.8
2.54,1.0
1.97,0.2
3.83,0.6
3.42,0.4
2.37,0.6
1.79,0.2
1.22,0.2
4.1,0.6
2.5,0.4
2.95,0.4
1.63,0.0
2.32,0.6
2.46,0.4
2.04,0.2
4.11,1.0
5.25,1.0
4.04,0.2
1.68,0.2
2.57,0.6
3.37,0.4
1.97,0.2
3.64,0.8
3.69,0.6
1.32,0.4
2.48,0.4
1.5,0.6
1.97,0.2
2.16,1.0
1.91,0.2
2.64,0.4
1.55,0.4
4.69,0.2
3.69,0.6
1.32,0.4
2.48,0.4
1.5,0.6
1.97,0.2
1.96,0.6
1.78,0.4
2.4,0.4
3.95,0.8
2.79,0.6
1.75,0.6
2.16,0.6
2.5,0.8
1.88,0.4
2.57,0.6
1.06,0.2
3.85,0.2
3.4,0.6
4.04,0.8
2.68,0.6
2.09,0.6
2.42,0.4
1.21,0.0
1.87,0.6
0.98,0.2
1.47,0.2
3.31,0.8
1.21,0.0
1.41,0.4
2.14,0.2
2.93,0.8
3.16,0.6
2.77,0.8
2.05,0.8
3.32,0.6
3.0,0.6
5.54,1.0
1.21,0.0
3.71,0.4
1.97,0.2
1.21,0.0
1.7,0.2
2.0,0.4
0.84,0.4
2.19,0.2
4.81,0.8
1.21,0.0
2.15,0.6
4.7,0.6
3.17,0.8
1.42,0.6
2.64,0.4
1.21,0.0
3.28,0.8
2.08,0.2
1.08,0.4
5.72,0.8
2.67,0.4
2.45,0.4
2.95,0.2
1.77,0.6
2.14,0.4
3.69,0.8
2.58,0.4
2.65,0.2
2.46,0.4
3.34,0.6
1.21,0.0
3.93,0.8
2.56,0.4
1.21,0.0
3.93,0.8
2.56,0.4
4.26,0.6
3.76,0.4
3.23,0.6
4.04,0.8
2.62,0.0
3.59,0.2
2.19,0.2
1.09,0.0
1.21,0.0
3.86,0.6
1.74,0.4
2.97,0.6
1.14,0.2
2.42,0.4
3.43,0.8
2.34,0.4
3.15,0.8
2.04,1.0
1.21,0.0
2.95,0.4
3.77,0.4
2.52,0.4
1.6,0.2
2.39,0.2
1.7,0.2
2.4,0.4
2.52,0.4
5.36,0.6
1.21,0.0
1.39,0.4
1.5,0.6
2.2,0.2
1.64,0.6
1.21,0.0
3.96,0.6
1.24,0.0
4.0,0.4
2.88,0.4
2.47,0.6
1.68,0.4
1.72,0.2
4.67,0.8
1.47,0.2
3.63,0.6
3.32,0.8
3.88,0.2
1.27,0.2
1.71,0.4
1.21,0.0
1.21,0.2
0.95,0.2
2.65,0.8
1.73,0.4
3.7,0.2
2.9,0.8
2.5,0.2
3.21,0.4
1.66,0.2
1.21,0.0
3.53,0.6
2.82,0.8
3.21,0.4
2.79,0.6
1.62,0.4
3.18,0.6
1.44,0.6
3.58,0.4
2.5,0.2
1.21,0.0
2.64,0.2
4.38,1.0
3.16,0.4
3.17,0.4
1.21,0.0
3.15,0.8
2.21,0.4
2.7,0.8
2.92,0.6
1.21,0.0
1.33,0.4
2.1,0.6
2.46,0.4
1.54,0.6
1.77,0.6
4.38,1.0
2.38,0.6
2.29,0.2
1.15,0.4
1.21,0.0
1.32,0.6
2.2,0.8
1.87,0.4
2.65,0.6
3.13,0.4
2.27,0.4
3.64,0.6
2.29,0.6
2.21,0.2
2.05,0.2
1.85,0.2
3.64,0.6
3.3,0.8
2.36,0.4
2.16,0.4
2.53,0.8
1.82,0.2
1.39,0.4
2.7,0.6
1.78,0.2
3.17,0.6
5.79,0.6
2.1,0.4
1.97,0.6
1.21,0.0
1.92,0.6
3.3,0.6
2.9,0.8
1.94,0.2
5.13,0.8
3.62,0.8
2.41,0.4
4.46,1.0
1.15,0.6
1.21,0.0
1.5,0.2
2.1,0.2
2.91,0.6
7.83,0.8
3.27,1.0
2.47,0.4
1.93,0.4
2.9,0.2
1.35,0.2
1.21,0.0
2.21,0.2
3.81,1.0
3.12,0.8
3.74,0.6
1.21,0.0
1.83,0.4
2.62,0.6
1.96,0.4
4.23,1.0
5.42,1.0
2.82,0.4
2.34,0.2
2.67,0.2
1.82,0.4
1.21,0.0
3.94,0.6
5.39,0.6
3.62,0.8
1.74,0.0
3.15,0.4
1.53,0.2
2.1,0.2
3.49,0.6
1.66,0.4
1.21,0.0
4.38,1.0
2.69,0.6
2.32,0.4
1.66,0.4
1.21,0.0
1.36,0.6
2.88,0.8
1.67,0.6
1.35,0.4
0.88,0.0
2.57,0.2
4.35,0.8
2.68,0.4
1.77,0.8
2.09,0.4
4.84,0.8
2.53,0.8
2.79,0.8
2.11,0.8
1.21,0.0
2.82,0.4
1.57,0.8
2.97,0.6
